working on config_3
dataset: Eli_51
running GA 0...

my best: 48 08 49 29 33 20 28 15 01 26 45 50 17 13 24 46 11 09 38 32 44 14 03 12 23 42 25 30 27 35 34 19 02 21 00 31 10 04 36 16 43 41 39 18 40 05 22 06 47 07 37  - [fitness: 171.907, distance: 581.711]
actual : 00 21 07 25 30 27 02 35 34 19 01 28 20 15 49 33 29 08 48 09 38 32 44 14 43 41 39 18 40 12 24 13 23 42 06 22 47 05 26 50 45 11 46 17 03 16 36 04 37 10 31  - [fitness: 232.567, distance: 429.983]

running GA 1...

my best: 09 20 28 19 02 01 37 04 36 43 16 03 17 46 11 45 50 34 35 27 30 00 31 10 48 38 29 33 21 07 25 47 26 15 49 08 05 22 06 42 23 13 24 12 40 39 18 41 14 44 32  - [fitness: 167.32, distance: 597.656]
actual : 00 21 07 25 30 27 02 35 34 19 01 28 20 15 49 33 29 08 48 09 38 32 44 14 43 41 39 18 40 12 24 13 23 42 06 22 47 05 26 50 45 11 46 17 03 16 36 04 37 10 31  - [fitness: 232.567, distance: 429.983]

running GA 2...

my best: 05 18 39 40 12 23 42 22 06 25 00 31 26 50 45 46 17 24 13 11 10 01 02 27 30 07 21 15 49 20 28 19 35 34 33 29 38 08 37 04 16 03 41 43 14 36 44 32 09 48 47  - [fitness: 163.329, distance: 612.26]
actual : 00 21 07 25 30 27 02 35 34 19 01 28 20 15 49 33 29 08 48 09 38 32 44 14 43 41 39 18 40 12 24 13 23 42 06 22 47 05 26 50 45 11 46 17 03 16 36 04 37 10 31  - [fitness: 232.567, distance: 429.983]

running GA 3...

my best: 09 04 37 48 08 49 33 38 29 15 01 35 34 20 28 19 02 27 21 00 31 10 26 50 45 11 46 03 17 23 42 06 25 30 07 47 22 05 13 24 12 40 39 18 41 32 14 16 36 43 44  - [fitness: 187.744, distance: 532.641]
actual : 00 21 07 25 30 27 02 35 34 19 01 28 20 15 49 33 29 08 48 09 38 32 44 14 43 41 39 18 40 12 24 13 23 42 06 22 47 05 26 50 45 11 46 17 03 16 36 04 37 10 31  - [fitness: 232.567, distance: 429.983]

running GA 4...

my best: 44 03 46 06 42 24 12 40 39 18 41 43 16 36 14 38 20 28 01 30 25 07 47 05 17 13 23 22 26 31 08 29 33 49 15 37 04 11 45 50 19 34 35 02 27 21 00 10 48 09 32  - [fitness: 166.251, distance: 601.5]
actual : 00 21 07 25 30 27 02 35 34 19 01 28 20 15 49 33 29 08 48 09 38 32 44 14 43 41 39 18 40 12 24 13 23 42 06 22 47 05 26 50 45 11 46 17 03 16 36 04 37 10 31  - [fitness: 232.567, distance: 429.983]

running GA 5...

my best: 19 02 27 10 37 36 16 40 39 18 41 43 44 32 14 11 45 22 42 06 47 31 08 20 28 34 35 30 25 07 05 23 13 17 50 21 00 26 24 12 03 46 04 48 09 38 29 33 49 15 01  - [fitness: 160.256, distance: 624.002]
actual : 00 21 07 25 30 27 02 35 34 19 01 28 20 15 49 33 29 08 48 09 38 32 44 14 43 41 39 18 40 12 24 13 23 42 06 22 47 05 26 50 45 11 46 17 03 16 36 04 37 10 31  - [fitness: 232.567, distance: 429.983]

running GA 6...

my best: 00 10 37 36 14 43 16 03 17 05 26 31 50 45 48 08 29 38 09 04 11 46 13 22 25 07 30 27 35 34 19 02 21 01 15 28 20 49 33 32 44 41 18 39 40 12 24 23 42 06 47  - [fitness: 183.19, distance: 545.88]
actual : 00 21 07 25 30 27 02 35 34 19 01 28 20 15 49 33 29 08 48 09 38 32 44 14 43 41 39 18 40 12 24 13 23 42 06 22 47 05 26 50 45 11 46 17 03 16 36 04 37 10 31  - [fitness: 232.567, distance: 429.983]

running GA 7...

my best: 27 16 36 43 14 44 29 38 32 09 48 20 28 02 34 35 19 01 04 11 41 18 39 40 12 24 23 31 15 49 33 08 37 10 50 45 46 03 17 13 05 26 00 21 07 47 22 42 06 25 30  - [fitness: 167.142, distance: 598.293]
actual : 00 21 07 25 30 27 02 35 34 19 01 28 20 15 49 33 29 08 48 09 38 32 44 14 43 41 39 18 40 12 24 13 23 42 06 22 47 05 26 50 45 11 46 17 03 16 36 04 37 10 31  - [fitness: 232.567, distance: 429.983]

running GA 8...

my best: 22 06 42 23 17 16 46 03 12 24 13 26 50 45 11 36 44 09 48 00 21 07 30 27 25 05 40 39 18 41 15 20 33 49 28 34 35 02 19 01 04 43 14 32 38 29 08 37 10 31 47  - [fitness: 157.649, distance: 634.322]
actual : 00 21 07 25 30 27 02 35 34 19 01 28 20 15 49 33 29 08 48 09 38 32 44 14 43 41 39 18 40 12 24 13 23 42 06 22 47 05 26 50 45 11 46 17 03 16 36 04 37 10 31  - [fitness: 232.567, distance: 429.983]

running GA 9...

my best: 49 20 19 02 27 42 23 05 36 16 03 40 12 24 13 46 11 45 50 26 07 25 30 21 00 31 10 01 35 34 28 04 43 44 32 38 09 29 08 48 14 41 39 18 17 22 06 47 37 15 33  - [fitness: 157.283, distance: 635.796]
actual : 00 21 07 25 30 27 02 35 34 19 01 28 20 15 49 33 29 08 48 09 38 32 44 14 43 41 39 18 40 12 24 13 23 42 06 22 47 05 26 50 45 11 46 17 03 16 36 04 37 10 31  - [fitness: 232.567, distance: 429.983]

running GA 10...

my best: 11 45 01 28 15 31 26 47 07 25 06 42 23 46 17 12 40 39 18 41 09 48 08 49 29 33 20 10 50 05 22 13 24 03 16 44 32 38 19 34 35 30 27 02 21 00 37 04 14 43 36  - [fitness: 161.958, distance: 617.446]
actual : 00 21 07 25 30 27 02 35 34 19 01 28 20 15 49 33 29 08 48 09 38 32 44 14 43 41 39 18 40 12 24 13 23 42 06 22 47 05 26 50 45 11 46 17 03 16 36 04 37 10 31  - [fitness: 232.567, distance: 429.983]

running GA 11...

my best: 17 12 40 39 32 38 33 20 28 49 29 09 44 14 04 00 07 27 02 35 34 19 50 45 11 36 43 18 41 16 05 25 30 21 01 15 08 48 37 10 31 26 47 22 06 42 23 13 24 46 03  - [fitness: 164.933, distance: 606.308]
actual : 00 21 07 25 30 27 02 35 34 19 01 28 20 15 49 33 29 08 48 09 38 32 44 14 43 41 39 18 40 12 24 13 23 42 06 22 47 05 26 50 45 11 46 17 03 16 36 04 37 10 31  - [fitness: 232.567, distance: 429.983]

running GA 12...

my best: 18 16 36 43 14 44 29 33 20 31 26 47 06 25 07 35 34 28 15 10 46 17 24 13 23 42 22 05 50 45 04 09 48 00 21 30 27 02 19 01 12 39 41 32 38 49 08 37 11 03 40  - [fitness: 152.68, distance: 654.966]
actual : 00 21 07 25 30 27 02 35 34 19 01 28 20 15 49 33 29 08 48 09 38 32 44 14 43 41 39 18 40 12 24 13 23 42 06 22 47 05 26 50 45 11 46 17 03 16 36 04 37 10 31  - [fitness: 232.567, distance: 429.983]

running GA 13...

my best: 38 32 16 03 12 40 39 18 41 43 44 14 36 26 00 07 47 22 06 25 30 27 21 02 35 34 19 28 20 01 10 11 46 05 42 23 13 24 17 15 49 33 29 08 37 31 45 50 04 48 09  - [fitness: 179.351, distance: 557.567]
actual : 00 21 07 25 30 27 02 35 34 19 01 28 20 15 49 33 29 08 48 09 38 32 44 14 43 41 39 18 40 12 24 13 23 42 06 22 47 05 26 50 45 11 46 17 03 16 36 04 37 10 31  - [fitness: 232.567, distance: 429.983]

running GA 14...

my best: 31 50 26 05 42 23 12 40 18 41 43 36 34 35 02 30 25 06 22 47 10 08 49 19 28 20 33 29 09 38 32 04 45 11 46 16 03 17 13 24 39 44 14 48 37 15 01 21 27 07 00  - [fitness: 157.876, distance: 633.408]
actual : 00 21 07 25 30 27 02 35 34 19 01 28 20 15 49 33 29 08 48 09 38 32 44 14 43 41 39 18 40 12 24 13 23 42 06 22 47 05 26 50 45 11 46 17 03 16 36 04 37 10 31  - [fitness: 232.567, distance: 429.983]

running GA 15...

my best: 45 11 44 32 38 09 29 33 49 20 19 35 34 02 21 13 24 17 12 40 39 18 41 03 46 50 26 05 47 22 23 42 06 25 07 30 27 01 28 15 08 48 14 43 16 36 04 37 10 31 00  - [fitness: 188.129, distance: 531.55]
actual : 00 21 07 25 30 27 02 35 34 19 01 28 20 15 49 33 29 08 48 09 38 32 44 14 43 41 39 18 40 12 24 13 23 42 06 22 47 05 26 50 45 11 46 17 03 16 36 04 37 10 31  - [fitness: 232.567, distance: 429.983]

running GA 16...

my best: 24 12 39 18 40 16 04 08 20 28 19 02 35 34 27 00 50 45 11 46 36 14 29 33 49 30 25 06 22 47 48 09 38 32 44 43 41 03 17 13 05 26 31 10 37 15 01 21 07 42 23  - [fitness: 164.611, distance: 607.494]
actual : 00 21 07 25 30 27 02 35 34 19 01 28 20 15 49 33 29 08 48 09 38 32 44 14 43 41 39 18 40 12 24 13 23 42 06 22 47 05 26 50 45 11 46 17 03 16 36 04 37 10 31  - [fitness: 232.567, distance: 429.983]

running GA 17...

my best: 49 20 35 34 28 15 10 31 00 07 30 25 26 36 43 41 39 12 24 13 17 03 40 18 44 14 50 05 22 47 21 01 19 02 27 06 42 23 46 16 11 45 04 37 48 09 32 38 29 33 08  - [fitness: 161.881, distance: 617.737]
actual : 00 21 07 25 30 27 02 35 34 19 01 28 20 15 49 33 29 08 48 09 38 32 44 14 43 41 39 18 40 12 24 13 23 42 06 22 47 05 26 50 45 11 46 17 03 16 36 04 37 10 31  - [fitness: 232.567, distance: 429.983]

running GA 18...

my best: 22 17 03 16 38 09 48 04 11 46 50 45 31 47 06 42 23 13 24 12 40 18 39 41 43 44 32 14 36 05 26 00 21 01 19 34 35 02 10 37 08 29 33 49 15 20 28 27 30 07 25  - [fitness: 181.949, distance: 549.604]
actual : 00 21 07 25 30 27 02 35 34 19 01 28 20 15 49 33 29 08 48 09 38 32 44 14 43 41 39 18 40 12 24 13 23 42 06 22 47 05 26 50 45 11 46 17 03 16 36 04 37 10 31  - [fitness: 232.567, distance: 429.983]

running GA 19...

my best: 14 44 32 38 09 08 49 15 31 26 05 47 25 07 00 50 41 18 39 40 42 06 22 23 48 29 33 20 28 19 01 10 37 04 36 16 03 46 17 12 24 13 30 27 02 35 34 21 45 11 43  - [fitness: 159.26, distance: 627.905]
actual : 00 21 07 25 30 27 02 35 34 19 01 28 20 15 49 33 29 08 48 09 38 32 44 14 43 41 39 18 40 12 24 13 23 42 06 22 47 05 26 50 45 11 46 17 03 16 36 04 37 10 31  - [fitness: 232.567, distance: 429.983]

running GA 20...

my best: 00 31 26 05 24 13 07 30 19 28 20 37 45 50 16 36 14 32 38 44 43 41 18 39 12 40 03 17 47 22 23 42 06 25 35 34 49 08 33 29 09 48 04 11 46 21 27 02 01 15 10  - [fitness: 159.646, distance: 626.386]
actual : 00 21 07 25 30 27 02 35 34 19 01 28 20 15 49 33 29 08 48 09 38 32 44 14 43 41 39 18 40 12 24 13 23 42 06 22 47 05 26 50 45 11 46 17 03 16 36 04 37 10 31  - [fitness: 232.567, distance: 429.983]

running GA 21...

my best: 07 26 15 49 33 29 09 38 32 44 39 41 43 14 48 20 34 35 31 46 17 16 03 37 08 10 50 45 11 36 04 28 01 00 21 19 02 27 30 25 06 22 42 23 13 24 12 40 18 05 47  - [fitness: 155.656, distance: 642.441]
actual : 00 21 07 25 30 27 02 35 34 19 01 28 20 15 49 33 29 08 48 09 38 32 44 14 43 41 39 18 40 12 24 13 23 42 06 22 47 05 26 50 45 11 46 17 03 16 36 04 37 10 31  - [fitness: 232.567, distance: 429.983]

running GA 22...

my best: 12 17 04 09 29 48 37 45 26 07 47 05 13 24 23 42 22 06 25 02 19 28 20 49 08 03 40 18 32 38 33 15 21 30 27 35 34 01 10 31 00 50 11 46 16 36 14 44 43 41 39  - [fitness: 161.735, distance: 618.296]
actual : 00 21 07 25 30 27 02 35 34 19 01 28 20 15 49 33 29 08 48 09 38 32 44 14 43 41 39 18 40 12 24 13 23 42 06 22 47 05 26 50 45 11 46 17 03 16 36 04 37 10 31  - [fitness: 232.567, distance: 429.983]

running GA 23...

my best: 24 13 50 45 10 37 04 14 43 18 39 41 44 32 36 05 22 06 31 15 49 20 33 29 38 09 08 48 16 03 40 12 17 46 11 01 28 19 34 35 02 07 47 26 00 21 27 30 25 42 23  - [fitness: 168.31, distance: 594.143]
actual : 00 21 07 25 30 27 02 35 34 19 01 28 20 15 49 33 29 08 48 09 38 32 44 14 43 41 39 18 40 12 24 13 23 42 06 22 47 05 26 50 45 11 46 17 03 16 36 04 37 10 31  - [fitness: 232.567, distance: 429.983]

running GA 24...

my best: 37 10 45 11 16 03 12 24 23 42 06 07 35 34 19 28 48 04 36 41 39 18 40 17 05 47 26 09 38 32 44 43 14 29 33 20 02 27 21 00 31 50 46 13 22 25 30 01 15 49 08  - [fitness: 160.226, distance: 624.12]
actual : 00 21 07 25 30 27 02 35 34 19 01 28 20 15 49 33 29 08 48 09 38 32 44 14 43 41 39 18 40 12 24 13 23 42 06 22 47 05 26 50 45 11 46 17 03 16 36 04 37 10 31  - [fitness: 232.567, distance: 429.983]

running GA 25...

my best: 50 45 11 04 08 33 29 38 09 49 20 28 19 02 21 00 31 26 47 22 05 13 24 12 40 39 18 41 14 44 32 48 37 10 15 01 34 35 27 23 42 06 25 30 07 16 36 43 03 17 46  - [fitness: 177.913, distance: 562.073]
actual : 00 21 07 25 30 27 02 35 34 19 01 28 20 15 49 33 29 08 48 09 38 32 44 14 43 41 39 18 40 12 24 13 23 42 06 22 47 05 26 50 45 11 46 17 03 16 36 04 37 10 31  - [fitness: 232.567, distance: 429.983]

running GA 26...

my best: 41 39 18 40 36 27 30 47 05 13 17 46 11 45 50 26 00 31 01 28 08 15 37 48 29 33 49 32 09 38 20 19 35 34 02 21 07 25 06 10 04 16 03 12 24 23 42 22 14 44 43  - [fitness: 151.748, distance: 658.989]
actual : 00 21 07 25 30 27 02 35 34 19 01 28 20 15 49 33 29 08 48 09 38 32 44 14 43 41 39 18 40 12 24 13 23 42 06 22 47 05 26 50 45 11 46 17 03 16 36 04 37 10 31  - [fitness: 232.567, distance: 429.983]

running GA 27...

my best: 23 42 06 22 13 24 12 03 17 46 50 35 34 20 15 49 08 37 31 10 28 19 02 27 30 21 01 00 07 25 47 26 45 11 04 09 38 29 33 48 16 40 39 18 41 43 44 32 14 36 05  - [fitness: 168.475, distance: 593.561]
actual : 00 21 07 25 30 27 02 35 34 19 01 28 20 15 49 33 29 08 48 09 38 32 44 14 43 41 39 18 40 12 24 13 23 42 06 22 47 05 26 50 45 11 46 17 03 16 36 04 37 10 31  - [fitness: 232.567, distance: 429.983]

running GA 28...

my best: 31 00 07 25 06 22 47 05 23 42 13 24 12 03 17 50 26 21 30 27 35 34 20 28 19 02 01 15 48 04 14 44 32 38 09 29 33 49 08 37 36 40 39 18 41 43 16 46 11 45 10  - [fitness: 183.687, distance: 544.403]
actual : 00 21 07 25 30 27 02 35 34 19 01 28 20 15 49 33 29 08 48 09 38 32 44 14 43 41 39 18 40 12 24 13 23 42 06 22 47 05 26 50 45 11 46 17 03 16 36 04 37 10 31  - [fitness: 232.567, distance: 429.983]

running GA 29...

my best: 18 39 40 12 17 46 00 21 02 27 26 50 45 04 38 32 44 14 16 03 11 10 01 15 31 47 05 13 24 22 07 30 25 06 42 23 37 48 09 29 33 20 28 34 35 19 49 08 36 43 41  - [fitness: 162.675, distance: 614.721]
actual : 00 21 07 25 30 27 02 35 34 19 01 28 20 15 49 33 29 08 48 09 38 32 44 14 43 41 39 18 40 12 24 13 23 42 06 22 47 05 26 50 45 11 46 17 03 16 36 04 37 10 31  - [fitness: 232.567, distance: 429.983]

