working on config_4
dataset: Eli_76
running GA 0...

my best: 70 59 04 28 45 06 34 07 18 10 65 64 37 57 09 30 71 51 26 19 69 68 63 41 40 42 39 16 05 67 01 29 73 27 20 46 47 44 33 75 74 66 50 15 62 22 55 48 43 32 00 72 61 21 60 14 56 53 13 58 52 38 08 02 23 17 54 24 49 31 11 25 03 12 36 35  - [fitness: 117.352, distance: 852.138]
actual : 00 32 62 15 02 43 31 08 38 71 57 09 30 54 24 49 17 23 48 22 55 40 42 41 63 21 60 20 46 35 68 70 59 69 19 36 04 14 56 12 53 18 13 58 65 64 37 10 52 06 34 07 45 33 51 26 44 28 47 29 03 74 75 66 25 11 39 16 50 05 67 01 73 27 61 72  - [fitness: 183.356, distance: 545.388]

running GA 1...

my best: 04 01 61 72 62 48 23 49 24 44 28 46 36 56 12 51 26 66 11 38 08 43 15 41 63 21 27 60 35 70 59 69 19 53 07 18 13 58 65 64 37 10 52 34 25 16 39 02 50 29 47 68 20 73 67 31 17 54 30 09 57 71 06 45 33 75 05 00 42 40 55 22 32 74 03 14  - [fitness: 116.254, distance: 860.184]
actual : 00 32 62 15 02 43 31 08 38 71 57 09 30 54 24 49 17 23 48 22 55 40 42 41 63 21 60 20 46 35 68 70 59 69 19 36 04 14 56 12 53 18 13 58 65 64 37 10 52 06 34 07 45 33 51 26 44 28 47 29 03 74 75 66 25 11 39 16 50 05 67 01 73 27 61 72  - [fitness: 183.356, distance: 545.388]

running GA 2...

my best: 23 17 49 43 02 22 55 40 42 72 61 21 63 41 20 47 03 16 31 24 54 08 45 36 69 46 01 32 62 48 15 39 57 37 71 11 66 28 19 56 58 13 10 64 18 07 33 51 44 26 53 12 14 29 05 50 38 09 30 65 52 34 06 25 75 67 74 73 60 68 59 70 35 04 27 00  - [fitness: 102.759, distance: 973.147]
actual : 00 32 62 15 02 43 31 08 38 71 57 09 30 54 24 49 17 23 48 22 55 40 42 41 63 21 60 20 46 35 68 70 59 69 19 36 04 14 56 12 53 18 13 58 65 64 37 10 52 06 34 07 45 33 51 26 44 28 47 29 03 74 75 66 25 11 39 16 50 05 67 01 73 27 61 72  - [fitness: 183.356, distance: 545.388]

running GA 3...

my best: 01 73 05 75 33 12 53 18 58 13 10 65 64 37 06 32 72 15 43 31 38 71 57 39 50 22 55 40 41 42 62 16 02 23 48 00 20 27 60 63 21 61 46 19 04 47 28 44 26 51 07 34 45 66 25 11 08 49 17 54 24 30 09 52 56 14 36 69 59 70 68 35 29 74 03 67  - [fitness: 121.048, distance: 826.122]
actual : 00 32 62 15 02 43 31 08 38 71 57 09 30 54 24 49 17 23 48 22 55 40 42 41 63 21 60 20 46 35 68 70 59 69 19 36 04 14 56 12 53 18 13 58 65 64 37 10 52 06 34 07 45 33 51 26 44 28 47 29 03 74 75 66 25 11 39 16 50 05 67 01 73 27 61 72  - [fitness: 183.356, distance: 545.388]

running GA 4...

my best: 55 42 00 62 32 15 02 43 31 24 17 49 08 39 38 71 11 16 25 66 75 47 68 35 36 19 69 59 56 12 13 58 65 10 64 37 26 44 29 03 74 09 30 54 23 48 22 50 52 18 53 61 72 05 67 33 45 07 34 57 06 51 28 14 04 70 46 73 01 27 20 60 21 63 41 40  - [fitness: 115.827, distance: 863.36]
actual : 00 32 62 15 02 43 31 08 38 71 57 09 30 54 24 49 17 23 48 22 55 40 42 41 63 21 60 20 46 35 68 70 59 69 19 36 04 14 56 12 53 18 13 58 65 64 37 10 52 06 34 07 45 33 51 26 44 28 47 29 03 74 75 66 25 11 39 16 50 05 67 01 73 27 61 72  - [fitness: 183.356, distance: 545.388]

running GA 5...

my best: 60 70 59 69 63 41 00 38 57 52 07 12 19 36 35 68 21 72 48 23 22 42 40 55 54 30 64 10 13 05 32 01 66 33 03 29 67 74 25 11 39 31 43 16 75 06 34 45 44 46 20 61 50 02 15 62 04 14 56 53 18 58 65 09 24 17 49 08 71 37 51 26 28 47 73 27  - [fitness: 100.062, distance: 999.381]
actual : 00 32 62 15 02 43 31 08 38 71 57 09 30 54 24 49 17 23 48 22 55 40 42 41 63 21 60 20 46 35 68 70 59 69 19 36 04 14 56 12 53 18 13 58 65 64 37 10 52 06 34 07 45 33 51 26 44 28 47 29 03 74 75 66 25 11 39 16 50 05 67 01 73 27 61 72  - [fitness: 183.356, distance: 545.388]

running GA 6...

my best: 31 50 16 07 34 18 53 51 15 22 48 43 02 20 68 60 63 40 55 49 54 71 26 04 36 70 35 21 41 42 00 32 67 74 66 75 03 44 28 46 47 33 57 65 64 37 09 30 24 17 23 62 72 61 01 29 73 27 05 06 52 10 13 58 14 59 69 19 56 12 45 25 39 11 38 08  - [fitness: 103.962, distance: 961.893]
actual : 00 32 62 15 02 43 31 08 38 71 57 09 30 54 24 49 17 23 48 22 55 40 42 41 63 21 60 20 46 35 68 70 59 69 19 36 04 14 56 12 53 18 13 58 65 64 37 10 52 06 34 07 45 33 51 26 44 28 47 29 03 74 75 66 25 11 39 16 50 05 67 01 73 27 61 72  - [fitness: 183.356, distance: 545.388]

running GA 7...

my best: 33 44 72 00 22 48 43 31 02 21 60 35 36 04 46 47 28 57 09 50 15 41 63 55 23 17 49 25 66 45 18 58 65 64 14 69 59 70 20 29 75 38 71 11 06 07 12 56 19 68 27 61 42 40 62 32 01 73 26 51 53 13 37 30 54 24 08 39 16 05 67 74 03 10 52 34  - [fitness: 100.686, distance: 993.189]
actual : 00 32 62 15 02 43 31 08 38 71 57 09 30 54 24 49 17 23 48 22 55 40 42 41 63 21 60 20 46 35 68 70 59 69 19 36 04 14 56 12 53 18 13 58 65 64 37 10 52 06 34 07 45 33 51 26 44 28 47 29 03 74 75 66 25 11 39 16 50 05 67 01 73 27 61 72  - [fitness: 183.356, distance: 545.388]

running GA 8...

my best: 00 62 15 48 22 40 42 21 61 73 27 60 63 41 55 23 17 49 71 11 18 14 46 47 28 26 12 51 66 06 57 30 54 24 31 44 19 36 56 53 34 07 45 33 67 29 03 05 72 01 20 68 04 35 69 59 70 74 25 16 39 08 38 09 37 52 64 10 65 58 13 75 50 43 02 32  - [fitness: 110.93, distance: 901.466]
actual : 00 32 62 15 02 43 31 08 38 71 57 09 30 54 24 49 17 23 48 22 55 40 42 41 63 21 60 20 46 35 68 70 59 69 19 36 04 14 56 12 53 18 13 58 65 64 37 10 52 06 34 07 45 33 51 26 44 28 47 29 03 74 75 66 25 11 39 16 50 05 67 01 73 27 61 72  - [fitness: 183.356, distance: 545.388]

running GA 9...

my best: 17 54 24 30 75 35 70 68 60 21 63 42 41 40 62 32 73 47 04 28 53 34 07 51 26 44 46 20 03 18 13 58 65 64 10 52 37 09 57 39 25 74 29 01 27 61 72 00 55 15 50 16 38 71 06 33 66 11 31 08 49 43 02 05 36 59 69 19 14 56 12 45 67 22 48 23  - [fitness: 113.439, distance: 881.531]
actual : 00 32 62 15 02 43 31 08 38 71 57 09 30 54 24 49 17 23 48 22 55 40 42 41 63 21 60 20 46 35 68 70 59 69 19 36 04 14 56 12 53 18 13 58 65 64 37 10 52 06 34 07 45 33 51 26 44 28 47 29 03 74 75 66 25 11 39 16 50 05 67 01 73 27 61 72  - [fitness: 183.356, distance: 545.388]

running GA 10...

my best: 30 64 65 37 09 57 22 55 40 42 00 72 08 38 71 10 58 53 14 56 19 36 47 29 44 28 04 46 20 68 70 59 69 35 73 31 15 62 41 63 21 27 60 61 01 74 45 52 13 12 26 51 33 03 67 05 75 66 39 43 02 48 23 17 49 25 07 18 34 06 11 16 50 32 24 54  - [fitness: 113.663, distance: 879.795]
actual : 00 32 62 15 02 43 31 08 38 71 57 09 30 54 24 49 17 23 48 22 55 40 42 41 63 21 60 20 46 35 68 70 59 69 19 36 04 14 56 12 53 18 13 58 65 64 37 10 52 06 34 07 45 33 51 26 44 28 47 29 03 74 75 66 25 11 39 16 50 05 67 01 73 27 61 72  - [fitness: 183.356, distance: 545.388]

running GA 11...

my best: 62 22 55 00 48 23 49 17 54 24 30 38 08 29 47 46 68 35 70 59 69 19 53 12 44 73 60 20 27 11 39 71 57 09 52 28 04 56 14 36 21 63 01 18 58 13 34 06 25 16 50 61 42 40 41 67 75 37 64 65 10 45 33 51 03 26 07 66 74 05 72 32 31 43 02 15  - [fitness: 107.945, distance: 926.394]
actual : 00 32 62 15 02 43 31 08 38 71 57 09 30 54 24 49 17 23 48 22 55 40 42 41 63 21 60 20 46 35 68 70 59 69 19 36 04 14 56 12 53 18 13 58 65 64 37 10 52 06 34 07 45 33 51 26 44 28 47 29 03 74 75 66 25 11 39 16 50 05 67 01 73 27 61 72  - [fitness: 183.356, distance: 545.388]

running GA 12...

my best: 16 02 43 40 42 00 72 32 62 22 55 48 23 01 46 36 04 47 44 29 41 63 21 61 73 27 60 68 20 03 64 37 71 25 66 75 74 67 05 11 38 30 09 57 52 34 18 12 26 33 45 07 53 56 14 35 70 59 69 19 28 51 10 65 58 13 06 50 15 31 08 24 54 17 49 39  - [fitness: 117.299, distance: 852.519]
actual : 00 32 62 15 02 43 31 08 38 71 57 09 30 54 24 49 17 23 48 22 55 40 42 41 63 21 60 20 46 35 68 70 59 69 19 36 04 14 56 12 53 18 13 58 65 64 37 10 52 06 34 07 45 33 51 26 44 28 47 29 03 74 75 66 25 11 39 16 50 05 67 01 73 27 61 72  - [fitness: 183.356, distance: 545.388]

running GA 13...

my best: 58 10 65 64 49 23 55 15 02 31 38 71 66 68 70 35 46 20 44 33 45 51 26 29 73 47 28 14 19 56 12 57 09 30 16 32 72 61 01 27 00 22 48 17 54 24 08 39 11 25 18 07 34 06 37 52 13 53 60 21 63 41 42 40 62 43 50 05 75 74 67 03 04 36 59 69  - [fitness: 104.855, distance: 953.696]
actual : 00 32 62 15 02 43 31 08 38 71 57 09 30 54 24 49 17 23 48 22 55 40 42 41 63 21 60 20 46 35 68 70 59 69 19 36 04 14 56 12 53 18 13 58 65 64 37 10 52 06 34 07 45 33 51 26 44 28 47 29 03 74 75 66 25 11 39 16 50 05 67 01 73 27 61 72  - [fitness: 183.356, distance: 545.388]

running GA 14...

my best: 60 63 41 00 72 05 03 44 26 56 14 36 35 46 73 27 61 01 67 75 25 06 34 52 10 64 49 17 54 24 30 09 71 38 11 39 08 31 02 43 57 37 65 58 13 18 51 32 62 48 55 15 16 66 33 45 07 53 12 28 04 19 69 59 70 68 21 42 40 22 23 50 74 29 47 20  - [fitness: 125.629, distance: 795.996]
actual : 00 32 62 15 02 43 31 08 38 71 57 09 30 54 24 49 17 23 48 22 55 40 42 41 63 21 60 20 46 35 68 70 59 69 19 36 04 14 56 12 53 18 13 58 65 64 37 10 52 06 34 07 45 33 51 26 44 28 47 29 03 74 75 66 25 11 39 16 50 05 67 01 73 27 61 72  - [fitness: 183.356, distance: 545.388]

running GA 15...

my best: 60 63 41 40 55 22 72 73 20 68 70 35 67 39 11 18 53 58 13 34 06 75 66 03 74 16 02 43 50 62 48 23 15 05 36 19 28 25 71 38 30 09 57 08 24 54 17 31 49 01 47 46 69 59 21 42 00 32 61 27 29 44 26 07 52 10 65 64 37 45 33 51 12 56 14 04  - [fitness: 110.433, distance: 905.524]
actual : 00 32 62 15 02 43 31 08 38 71 57 09 30 54 24 49 17 23 48 22 55 40 42 41 63 21 60 20 46 35 68 70 59 69 19 36 04 14 56 12 53 18 13 58 65 64 37 10 52 06 34 07 45 33 51 26 44 28 47 29 03 74 75 66 25 11 39 16 50 05 67 01 73 27 61 72  - [fitness: 183.356, distance: 545.388]

running GA 16...

my best: 41 68 70 35 04 03 74 11 39 31 08 38 71 16 66 33 45 06 25 75 43 49 54 17 62 72 26 51 12 53 18 13 34 07 67 01 61 27 73 20 44 52 10 58 65 64 57 37 09 30 24 02 15 32 46 14 56 28 29 05 50 23 48 22 55 42 00 21 47 36 19 69 59 60 63 40  - [fitness: 111.223, distance: 899.093]
actual : 00 32 62 15 02 43 31 08 38 71 57 09 30 54 24 49 17 23 48 22 55 40 42 41 63 21 60 20 46 35 68 70 59 69 19 36 04 14 56 12 53 18 13 58 65 64 37 10 52 06 34 07 45 33 51 26 44 28 47 29 03 74 75 66 25 11 39 16 50 05 67 01 73 27 61 72  - [fitness: 183.356, distance: 545.388]

running GA 17...

my best: 66 25 71 09 37 57 11 50 16 39 43 02 23 48 62 29 44 34 52 64 30 54 17 32 61 46 36 19 04 47 03 31 49 24 08 38 05 15 22 55 40 41 63 60 27 73 10 65 58 13 18 56 14 12 53 51 45 26 69 59 70 68 72 01 67 33 06 07 28 20 35 21 42 00 75 74  - [fitness: 104.411, distance: 957.752]
actual : 00 32 62 15 02 43 31 08 38 71 57 09 30 54 24 49 17 23 48 22 55 40 42 41 63 21 60 20 46 35 68 70 59 69 19 36 04 14 56 12 53 18 13 58 65 64 37 10 52 06 34 07 45 33 51 26 44 28 47 29 03 74 75 66 25 11 39 16 50 05 67 01 73 27 61 72  - [fitness: 183.356, distance: 545.388]

running GA 18...

my best: 59 69 53 13 34 45 33 66 03 44 29 47 46 35 68 20 73 74 25 39 08 15 62 41 42 00 67 07 18 06 75 61 21 40 55 22 63 60 36 19 56 12 52 09 30 54 23 48 71 57 37 64 65 10 58 14 04 28 26 51 50 02 43 31 24 38 11 16 05 72 32 17 49 01 27 70  - [fitness: 102.526, distance: 975.362]
actual : 00 32 62 15 02 43 31 08 38 71 57 09 30 54 24 49 17 23 48 22 55 40 42 41 63 21 60 20 46 35 68 70 59 69 19 36 04 14 56 12 53 18 13 58 65 64 37 10 52 06 34 07 45 33 51 26 44 28 47 29 03 74 75 66 25 11 39 16 50 05 67 01 73 27 61 72  - [fitness: 183.356, distance: 545.388]

running GA 19...

my best: 41 42 00 01 29 27 21 63 60 68 35 36 46 20 32 62 22 23 48 15 50 05 75 57 37 64 34 52 10 65 58 13 18 53 12 26 51 06 09 30 39 16 67 70 59 69 19 56 28 03 66 25 07 45 33 11 71 38 08 43 31 49 24 54 17 02 74 44 14 04 47 73 61 72 55 40  - [fitness: 123.226, distance: 811.519]
actual : 00 32 62 15 02 43 31 08 38 71 57 09 30 54 24 49 17 23 48 22 55 40 42 41 63 21 60 20 46 35 68 70 59 69 19 36 04 14 56 12 53 18 13 58 65 64 37 10 52 06 34 07 45 33 51 26 44 28 47 29 03 74 75 66 25 11 39 16 50 05 67 01 73 27 61 72  - [fitness: 183.356, distance: 545.388]

running GA 20...

my best: 69 59 70 68 63 55 40 41 21 47 33 45 06 50 05 72 32 67 74 66 25 75 15 62 02 43 39 16 29 73 01 03 07 34 58 65 30 38 09 57 71 42 00 28 44 51 26 04 14 12 56 53 18 13 10 64 37 52 11 08 31 49 24 54 17 48 23 22 61 27 60 20 35 46 36 19  - [fitness: 113.946, distance: 877.612]
actual : 00 32 62 15 02 43 31 08 38 71 57 09 30 54 24 49 17 23 48 22 55 40 42 41 63 21 60 20 46 35 68 70 59 69 19 36 04 14 56 12 53 18 13 58 65 64 37 10 52 06 34 07 45 33 51 26 44 28 47 29 03 74 75 66 25 11 39 16 50 05 67 01 73 27 61 72  - [fitness: 183.356, distance: 545.388]

running GA 21...

my best: 41 63 62 31 24 54 17 23 55 22 48 49 08 39 16 74 75 25 57 37 64 65 58 53 26 51 18 12 19 69 59 70 68 35 47 29 01 61 27 60 20 36 14 56 44 03 66 71 09 30 38 11 33 28 04 46 73 05 50 02 43 15 40 42 00 72 67 45 07 13 10 52 34 06 32 21  - [fitness: 118.156, distance: 846.339]
actual : 00 32 62 15 02 43 31 08 38 71 57 09 30 54 24 49 17 23 48 22 55 40 42 41 63 21 60 20 46 35 68 70 59 69 19 36 04 14 56 12 53 18 13 58 65 64 37 10 52 06 34 07 45 33 51 26 44 28 47 29 03 74 75 66 25 11 39 16 50 05 67 01 73 27 61 72  - [fitness: 183.356, distance: 545.388]

running GA 22...

my best: 48 55 22 50 75 45 26 53 18 58 65 64 37 30 09 57 25 66 03 47 46 04 14 36 56 74 43 17 54 52 34 51 67 01 41 63 21 27 61 72 15 62 32 60 20 68 35 59 70 69 19 12 06 38 08 71 10 13 07 33 44 28 29 73 00 42 40 24 49 31 39 11 16 05 02 23  - [fitness: 107.836, distance: 927.338]
actual : 00 32 62 15 02 43 31 08 38 71 57 09 30 54 24 49 17 23 48 22 55 40 42 41 63 21 60 20 46 35 68 70 59 69 19 36 04 14 56 12 53 18 13 58 65 64 37 10 52 06 34 07 45 33 51 26 44 28 47 29 03 74 75 66 25 11 39 16 50 05 67 01 73 27 61 72  - [fitness: 183.356, distance: 545.388]

running GA 23...

my best: 70 69 36 04 25 11 38 30 24 54 31 08 43 49 17 23 48 15 05 28 56 12 52 10 65 64 09 71 50 22 55 42 44 53 58 13 18 07 33 16 39 02 62 32 72 74 03 29 27 21 41 63 40 00 01 20 35 68 46 47 73 60 61 67 75 66 45 34 37 57 06 51 26 14 19 59  - [fitness: 111.772, distance: 894.678]
actual : 00 32 62 15 02 43 31 08 38 71 57 09 30 54 24 49 17 23 48 22 55 40 42 41 63 21 60 20 46 35 68 70 59 69 19 36 04 14 56 12 53 18 13 58 65 64 37 10 52 06 34 07 45 33 51 26 44 28 47 29 03 74 75 66 25 11 39 16 50 05 67 01 73 27 61 72  - [fitness: 183.356, distance: 545.388]

running GA 24...

my best: 52 13 58 65 64 12 04 36 69 59 35 46 68 70 19 56 14 03 74 16 11 39 43 31 08 38 25 66 45 51 26 28 47 29 75 71 09 37 10 18 53 07 06 57 30 54 24 49 17 62 42 00 72 01 67 15 50 05 22 55 40 41 63 21 60 27 61 32 02 23 48 73 20 44 33 34  - [fitness: 120.767, distance: 828.039]
actual : 00 32 62 15 02 43 31 08 38 71 57 09 30 54 24 49 17 23 48 22 55 40 42 41 63 21 60 20 46 35 68 70 59 69 19 36 04 14 56 12 53 18 13 58 65 64 37 10 52 06 34 07 45 33 51 26 44 28 47 29 03 74 75 66 25 11 39 16 50 05 67 01 73 27 61 72  - [fitness: 183.356, distance: 545.388]

running GA 25...

my best: 46 35 68 60 63 41 42 22 48 02 31 08 38 30 71 39 32 72 61 15 62 00 27 20 28 03 67 05 43 49 24 54 17 23 55 40 21 59 70 36 44 33 45 07 34 53 18 13 58 65 10 52 37 64 09 57 50 01 73 29 47 04 56 19 69 14 26 12 51 06 66 25 11 16 75 74  - [fitness: 121.562, distance: 822.625]
actual : 00 32 62 15 02 43 31 08 38 71 57 09 30 54 24 49 17 23 48 22 55 40 42 41 63 21 60 20 46 35 68 70 59 69 19 36 04 14 56 12 53 18 13 58 65 64 37 10 52 06 34 07 45 33 51 26 44 28 47 29 03 74 75 66 25 11 39 16 50 05 67 01 73 27 61 72  - [fitness: 183.356, distance: 545.388]

running GA 26...

my best: 67 33 45 07 57 30 24 54 17 49 50 05 01 29 60 68 36 19 69 59 70 35 14 53 26 28 47 46 27 61 73 20 04 56 12 18 52 06 66 74 72 21 63 41 55 40 42 22 23 31 34 13 58 65 10 37 64 09 71 43 02 16 39 08 38 11 25 75 51 44 03 15 48 62 00 32  - [fitness: 119.399, distance: 837.527]
actual : 00 32 62 15 02 43 31 08 38 71 57 09 30 54 24 49 17 23 48 22 55 40 42 41 63 21 60 20 46 35 68 70 59 69 19 36 04 14 56 12 53 18 13 58 65 64 37 10 52 06 34 07 45 33 51 26 44 28 47 29 03 74 75 66 25 11 39 16 50 05 67 01 73 27 61 72  - [fitness: 183.356, distance: 545.388]

running GA 27...

my best: 45 51 26 28 47 27 61 05 74 75 11 16 50 32 00 42 55 22 40 41 63 72 62 15 49 54 24 21 20 46 35 68 70 59 60 73 01 07 06 38 30 17 23 48 02 43 31 09 71 08 39 57 52 10 37 64 65 58 13 18 34 53 12 56 14 19 69 36 04 44 03 25 66 67 29 33  - [fitness: 120.281, distance: 831.385]
actual : 00 32 62 15 02 43 31 08 38 71 57 09 30 54 24 49 17 23 48 22 55 40 42 41 63 21 60 20 46 35 68 70 59 69 19 36 04 14 56 12 53 18 13 58 65 64 37 10 52 06 34 07 45 33 51 26 44 28 47 29 03 74 75 66 25 11 39 16 50 05 67 01 73 27 61 72  - [fitness: 183.356, distance: 545.388]

running GA 28...

my best: 29 21 41 40 42 27 70 59 69 19 36 16 39 25 45 34 06 71 38 08 49 17 23 55 63 60 20 46 68 61 72 01 28 56 14 73 15 02 43 48 22 62 00 32 74 75 66 57 09 30 54 24 31 47 35 04 26 51 33 03 67 05 50 11 37 64 65 10 52 13 58 18 53 07 12 44  - [fitness: 112.681, distance: 887.462]
actual : 00 32 62 15 02 43 31 08 38 71 57 09 30 54 24 49 17 23 48 22 55 40 42 41 63 21 60 20 46 35 68 70 59 69 19 36 04 14 56 12 53 18 13 58 65 64 37 10 52 06 34 07 45 33 51 26 44 28 47 29 03 74 75 66 25 11 39 16 50 05 67 01 73 27 61 72  - [fitness: 183.356, distance: 545.388]

running GA 29...

my best: 02 66 33 56 19 69 59 34 13 58 18 73 01 61 27 60 63 41 49 43 31 24 08 39 74 75 16 25 52 06 10 65 53 12 26 51 45 57 09 30 54 17 23 38 71 37 64 11 50 48 22 72 21 00 42 40 55 05 07 44 28 14 36 04 35 70 68 20 46 47 29 03 67 32 62 15  - [fitness: 104.293, distance: 958.838]
actual : 00 32 62 15 02 43 31 08 38 71 57 09 30 54 24 49 17 23 48 22 55 40 42 41 63 21 60 20 46 35 68 70 59 69 19 36 04 14 56 12 53 18 13 58 65 64 37 10 52 06 34 07 45 33 51 26 44 28 47 29 03 74 75 66 25 11 39 16 50 05 67 01 73 27 61 72  - [fitness: 183.356, distance: 545.388]

