working on config_2
dataset: Berlin
running GA 0...

my best: 36 47 23 03 11 27 24 04 37 39 38 34 33 22 19 49 30 20 41 06 01 29 28 15 46 13 12 25 45 35 44 08 09 32 50 10 51 26 43 48 31 00 21 17 18 40 07 42 05 14 02 16  - [fitness: 851.08, distance: 11749.8]
actual : 00 48 31 44 18 40 07 08 09 42 32 50 10 51 13 12 46 25 26 27 11 24 03 05 14 04 23 47 37 36 39 38 35 34 33 43 45 15 28 49 19 22 29 01 06 41 20 16 02 17 30 21  - [fitness: 1325.49, distance: 7544.37]

running GA 1...

my best: 21 00 38 39 42 02 30 20 22 19 23 47 05 04 37 36 43 15 49 45 24 27 25 26 12 51 13 46 28 29 01 06 41 16 07 08 09 32 50 10 11 03 14 33 34 35 48 31 44 40 18 17  - [fitness: 945.35, distance: 10578.1]
actual : 00 48 31 44 18 40 07 08 09 42 32 50 10 51 13 12 46 25 26 27 11 24 03 05 14 04 23 47 37 36 39 38 35 34 33 43 45 15 28 49 19 22 29 01 06 41 20 16 02 17 30 21  - [fitness: 1325.49, distance: 7544.37]

running GA 2...

my best: 42 32 50 10 27 26 12 51 13 25 11 03 14 43 29 01 06 41 36 04 05 24 46 28 15 45 47 23 37 39 38 33 22 19 49 34 35 09 08 40 02 16 20 30 31 48 00 21 17 44 18 07  - [fitness: 902.318, distance: 11082.6]
actual : 00 48 31 44 18 40 07 08 09 42 32 50 10 51 13 12 46 25 26 27 11 24 03 05 14 04 23 47 37 36 39 38 35 34 33 43 45 15 28 49 19 22 29 01 06 41 20 16 02 17 30 21  - [fitness: 1325.49, distance: 7544.37]

running GA 3...

my best: 07 18 31 44 48 00 38 36 43 49 19 29 22 17 21 35 34 33 45 25 46 28 15 47 23 37 39 30 20 06 01 41 16 02 40 42 14 04 05 03 24 11 50 10 51 13 12 26 27 32 09 08  - [fitness: 965.486, distance: 10357.5]
actual : 00 48 31 44 18 40 07 08 09 42 32 50 10 51 13 12 46 25 26 27 11 24 03 05 14 04 23 47 37 36 39 38 35 34 33 43 45 15 28 49 19 22 29 01 06 41 20 16 02 17 30 21  - [fitness: 1325.49, distance: 7544.37]

running GA 4...

my best: 34 35 22 19 49 28 15 11 50 30 16 40 07 09 08 31 48 38 24 27 26 25 46 29 06 01 41 20 21 42 32 10 51 13 12 45 43 00 17 02 18 44 39 37 47 23 04 05 03 14 36 33  - [fitness: 838.036, distance: 11932.7]
actual : 00 48 31 44 18 40 07 08 09 42 32 50 10 51 13 12 46 25 26 27 11 24 03 05 14 04 23 47 37 36 39 38 35 34 33 43 45 15 28 49 19 22 29 01 06 41 20 16 02 17 30 21  - [fitness: 1325.49, distance: 7544.37]

running GA 5...

my best: 11 26 12 13 51 10 50 24 05 14 37 39 38 35 42 32 03 04 23 00 44 18 07 09 08 40 02 17 16 06 01 41 20 29 19 22 30 21 31 48 33 34 45 27 25 46 28 49 15 43 36 47  - [fitness: 987.489, distance: 10126.7]
actual : 00 48 31 44 18 40 07 08 09 42 32 50 10 51 13 12 46 25 26 27 11 24 03 05 14 04 23 47 37 36 39 38 35 34 33 43 45 15 28 49 19 22 29 01 06 41 20 16 02 17 30 21  - [fitness: 1325.49, distance: 7544.37]

running GA 6...

my best: 28 19 49 22 21 00 34 47 23 37 39 38 35 48 31 44 18 40 16 02 17 30 43 15 46 25 26 50 10 51 13 12 27 11 05 04 14 42 32 09 08 07 36 45 03 24 33 20 41 06 01 29  - [fitness: 979.772, distance: 10206.5]
actual : 00 48 31 44 18 40 07 08 09 42 32 50 10 51 13 12 46 25 26 27 11 24 03 05 14 04 23 47 37 36 39 38 35 34 33 43 45 15 28 49 19 22 29 01 06 41 20 16 02 17 30 21  - [fitness: 1325.49, distance: 7544.37]

running GA 7...

my best: 05 03 24 11 50 10 51 13 12 26 38 35 33 34 31 17 30 21 39 36 47 37 23 46 25 27 32 09 08 07 16 06 01 41 29 28 49 15 45 43 48 00 19 22 20 02 18 40 44 42 04 14  - [fitness: 938.216, distance: 10658.5]
actual : 00 48 31 44 18 40 07 08 09 42 32 50 10 51 13 12 46 25 26 27 11 24 03 05 14 04 23 47 37 36 39 38 35 34 33 43 45 15 28 49 19 22 29 01 06 41 20 16 02 17 30 21  - [fitness: 1325.49, distance: 7544.37]

running GA 8...

my best: 02 16 20 49 35 38 39 37 23 04 14 42 09 08 07 40 18 44 31 48 34 33 43 00 21 30 17 24 11 10 51 13 12 29 41 06 01 28 46 25 26 27 50 32 03 05 47 36 45 15 19 22  - [fitness: 932.272, distance: 10726.5]
actual : 00 48 31 44 18 40 07 08 09 42 32 50 10 51 13 12 46 25 26 27 11 24 03 05 14 04 23 47 37 36 39 38 35 34 33 43 45 15 28 49 19 22 29 01 06 41 20 16 02 17 30 21  - [fitness: 1325.49, distance: 7544.37]

running GA 9...

my best: 29 22 00 25 26 27 11 32 07 40 18 31 48 34 33 43 28 46 12 13 51 10 50 14 39 38 36 37 04 23 47 35 44 02 17 21 30 20 41 01 06 16 08 09 42 05 03 24 45 15 49 19  - [fitness: 931.041, distance: 10740.7]
actual : 00 48 31 44 18 40 07 08 09 42 32 50 10 51 13 12 46 25 26 27 11 24 03 05 14 04 23 47 37 36 39 38 35 34 33 43 45 15 28 49 19 22 29 01 06 41 20 16 02 17 30 21  - [fitness: 1325.49, distance: 7544.37]

running GA 10...

my best: 47 23 37 39 38 34 35 44 40 18 31 48 20 06 01 41 29 13 51 10 11 24 03 50 32 42 33 19 22 00 21 30 17 16 02 07 08 09 14 05 04 36 43 49 28 15 46 12 26 25 27 45  - [fitness: 874.49, distance: 11435.2]
actual : 00 48 31 44 18 40 07 08 09 42 32 50 10 51 13 12 46 25 26 27 11 24 03 05 14 04 23 47 37 36 39 38 35 34 33 43 45 15 28 49 19 22 29 01 06 41 20 16 02 17 30 21  - [fitness: 1325.49, distance: 7544.37]

running GA 11...

my best: 16 31 23 04 05 03 14 09 08 07 48 34 33 35 38 39 44 18 17 20 41 06 01 29 28 36 37 47 45 43 00 21 30 22 19 49 15 24 26 12 50 11 27 25 46 13 51 10 32 42 40 02  - [fitness: 918.297, distance: 10889.7]
actual : 00 48 31 44 18 40 07 08 09 42 32 50 10 51 13 12 46 25 26 27 11 24 03 05 14 04 23 47 37 36 39 38 35 34 33 43 45 15 28 49 19 22 29 01 06 41 20 16 02 17 30 21  - [fitness: 1325.49, distance: 7544.37]

running GA 12...

my best: 24 46 25 13 51 12 26 27 09 08 07 14 23 47 37 36 39 38 18 40 16 06 01 41 20 30 31 48 00 22 29 19 34 35 33 43 49 28 15 45 11 10 50 32 42 44 02 17 21 04 05 03  - [fitness: 903.861, distance: 11063.6]
actual : 00 48 31 44 18 40 07 08 09 42 32 50 10 51 13 12 46 25 26 27 11 24 03 05 14 04 23 47 37 36 39 38 35 34 33 43 45 15 28 49 19 22 29 01 06 41 20 16 02 17 30 21  - [fitness: 1325.49, distance: 7544.37]

running GA 13...

my best: 07 08 09 27 25 26 10 51 13 12 46 28 29 19 22 30 21 48 35 38 36 39 42 32 50 11 24 17 20 41 01 06 16 02 18 44 31 00 49 15 43 45 47 23 04 05 03 14 37 33 34 40  - [fitness: 958.356, distance: 10434.5]
actual : 00 48 31 44 18 40 07 08 09 42 32 50 10 51 13 12 46 25 26 27 11 24 03 05 14 04 23 47 37 36 39 38 35 34 33 43 45 15 28 49 19 22 29 01 06 41 20 16 02 17 30 21  - [fitness: 1325.49, distance: 7544.37]

running GA 14...

my best: 36 39 37 47 05 14 04 23 03 11 50 10 51 13 12 26 46 25 27 24 45 43 15 28 49 19 22 21 00 35 38 33 34 48 31 18 44 42 32 09 08 07 40 02 17 30 16 06 01 41 20 29  - [fitness: 1105.3, distance: 9047.33]
actual : 00 48 31 44 18 40 07 08 09 42 32 50 10 51 13 12 46 25 26 27 11 24 03 05 14 04 23 47 37 36 39 38 35 34 33 43 45 15 28 49 19 22 29 01 06 41 20 16 02 17 30 21  - [fitness: 1325.49, distance: 7544.37]

running GA 15...

my best: 38 30 20 16 06 01 41 29 19 22 44 18 02 17 21 00 31 48 45 12 51 13 46 25 26 27 11 10 50 24 03 05 14 37 36 35 34 33 43 49 28 15 47 23 04 42 32 07 40 08 09 39  - [fitness: 977.547, distance: 10229.7]
actual : 00 48 31 44 18 40 07 08 09 42 32 50 10 51 13 12 46 25 26 27 11 24 03 05 14 04 23 47 37 36 39 38 35 34 33 43 45 15 28 49 19 22 29 01 06 41 20 16 02 17 30 21  - [fitness: 1325.49, distance: 7544.37]

running GA 16...

my best: 31 40 07 32 51 13 12 46 28 49 19 29 20 22 41 01 06 16 08 09 42 37 33 30 17 02 18 44 14 04 23 47 24 11 50 10 26 25 27 03 05 45 15 43 36 39 38 35 34 21 00 48  - [fitness: 901.236, distance: 11095.9]
actual : 00 48 31 44 18 40 07 08 09 42 32 50 10 51 13 12 46 25 26 27 11 24 03 05 14 04 23 47 37 36 39 38 35 34 33 43 45 15 28 49 19 22 29 01 06 41 20 16 02 17 30 21  - [fitness: 1325.49, distance: 7544.37]

running GA 17...

my best: 35 34 33 38 36 45 43 00 20 41 01 06 16 17 21 26 12 13 51 10 27 11 50 32 42 07 40 02 31 39 37 23 47 04 14 05 03 24 25 46 28 15 49 19 29 22 30 44 18 08 09 48  - [fitness: 946.775, distance: 10562.2]
actual : 00 48 31 44 18 40 07 08 09 42 32 50 10 51 13 12 46 25 26 27 11 24 03 05 14 04 23 47 37 36 39 38 35 34 33 43 45 15 28 49 19 22 29 01 06 41 20 16 02 17 30 21  - [fitness: 1325.49, distance: 7544.37]

running GA 18...

my best: 26 12 13 51 10 11 50 32 03 05 14 04 37 38 36 24 27 25 46 28 15 49 19 29 22 00 48 21 17 02 16 06 01 41 20 30 31 39 47 23 42 09 08 07 40 18 44 35 34 33 43 45  - [fitness: 1045.96, distance: 9560.61]
actual : 00 48 31 44 18 40 07 08 09 42 32 50 10 51 13 12 46 25 26 27 11 24 03 05 14 04 23 47 37 36 39 38 35 34 33 43 45 15 28 49 19 22 29 01 06 41 20 16 02 17 30 21  - [fitness: 1325.49, distance: 7544.37]

running GA 19...

my best: 22 19 49 15 11 50 12 13 51 10 32 42 44 17 30 40 18 02 16 20 41 06 01 07 08 09 37 39 38 35 48 31 21 00 34 33 36 05 03 24 27 26 25 46 45 23 04 14 47 43 28 29  - [fitness: 918.437, distance: 10888.1]
actual : 00 48 31 44 18 40 07 08 09 42 32 50 10 51 13 12 46 25 26 27 11 24 03 05 14 04 23 47 37 36 39 38 35 34 33 43 45 15 28 49 19 22 29 01 06 41 20 16 02 17 30 21  - [fitness: 1325.49, distance: 7544.37]

running GA 20...

my best: 01 06 41 20 30 16 17 21 22 28 46 25 26 27 11 42 40 07 08 09 32 50 03 05 14 04 47 33 48 35 38 39 37 36 45 12 13 51 10 24 23 34 31 02 18 44 00 43 15 49 19 29  - [fitness: 933.02, distance: 10717.9]
actual : 00 48 31 44 18 40 07 08 09 42 32 50 10 51 13 12 46 25 26 27 11 24 03 05 14 04 23 47 37 36 39 38 35 34 33 43 45 15 28 49 19 22 29 01 06 41 20 16 02 17 30 21  - [fitness: 1325.49, distance: 7544.37]

running GA 21...

my best: 00 02 16 06 01 41 20 29 19 28 46 25 27 23 47 43 49 15 45 24 10 51 13 12 26 48 31 17 30 22 21 44 18 40 07 08 09 42 38 39 37 04 05 11 50 32 03 14 36 33 34 35  - [fitness: 923.964, distance: 10822.9]
actual : 00 48 31 44 18 40 07 08 09 42 32 50 10 51 13 12 46 25 26 27 11 24 03 05 14 04 23 47 37 36 39 38 35 34 33 43 45 15 28 49 19 22 29 01 06 41 20 16 02 17 30 21  - [fitness: 1325.49, distance: 7544.37]

running GA 22...

my best: 03 42 32 50 10 27 11 24 34 48 31 38 39 37 23 14 05 04 47 45 15 43 33 35 09 08 07 40 20 41 01 06 16 02 18 44 21 29 28 46 12 13 51 26 25 49 19 22 30 17 00 36  - [fitness: 934.27, distance: 10703.5]
actual : 00 48 31 44 18 40 07 08 09 42 32 50 10 51 13 12 46 25 26 27 11 24 03 05 14 04 23 47 37 36 39 38 35 34 33 43 45 15 28 49 19 22 29 01 06 41 20 16 02 17 30 21  - [fitness: 1325.49, distance: 7544.37]

running GA 23...

my best: 25 51 10 50 32 03 11 27 26 12 13 46 15 43 48 31 44 18 17 22 19 49 28 29 01 06 41 20 16 02 40 07 08 09 42 14 37 36 34 35 38 39 05 04 23 47 33 21 30 00 45 24  - [fitness: 996.052, distance: 10039.6]
actual : 00 48 31 44 18 40 07 08 09 42 32 50 10 51 13 12 46 25 26 27 11 24 03 05 14 04 23 47 37 36 39 38 35 34 33 43 45 15 28 49 19 22 29 01 06 41 20 16 02 17 30 21  - [fitness: 1325.49, distance: 7544.37]

running GA 24...

my best: 39 14 42 09 08 44 31 17 16 02 40 07 18 12 13 51 10 11 21 30 20 22 19 29 41 06 01 46 45 47 23 24 27 26 25 36 37 04 05 03 50 32 48 00 49 28 15 43 34 35 33 38  - [fitness: 789.241, distance: 12670.4]
actual : 00 48 31 44 18 40 07 08 09 42 32 50 10 51 13 12 46 25 26 27 11 24 03 05 14 04 23 47 37 36 39 38 35 34 33 43 45 15 28 49 19 22 29 01 06 41 20 16 02 17 30 21  - [fitness: 1325.49, distance: 7544.37]

running GA 25...

my best: 34 36 44 17 16 02 40 18 37 04 23 14 42 07 08 09 32 27 26 25 15 28 46 12 13 51 10 50 11 24 03 05 47 19 01 06 41 20 29 49 45 39 38 35 48 31 30 22 21 00 43 33  - [fitness: 905.955, distance: 11038.1]
actual : 00 48 31 44 18 40 07 08 09 42 32 50 10 51 13 12 46 25 26 27 11 24 03 05 14 04 23 47 37 36 39 38 35 34 33 43 45 15 28 49 19 22 29 01 06 41 20 16 02 17 30 21  - [fitness: 1325.49, distance: 7544.37]

running GA 26...

my best: 08 09 32 50 10 13 12 27 31 02 16 17 21 48 39 23 47 25 46 15 45 43 00 30 41 01 06 40 07 42 11 51 26 24 36 35 34 33 28 29 20 22 19 49 37 14 03 05 04 38 44 18  - [fitness: 770.769, distance: 12974.1]
actual : 00 48 31 44 18 40 07 08 09 42 32 50 10 51 13 12 46 25 26 27 11 24 03 05 14 04 23 47 37 36 39 38 35 34 33 43 45 15 28 49 19 22 29 01 06 41 20 16 02 17 30 21  - [fitness: 1325.49, distance: 7544.37]

running GA 27...

my best: 34 35 38 37 36 45 24 11 10 50 32 09 08 07 40 02 17 30 20 16 01 06 41 29 46 25 12 13 51 26 27 03 42 14 04 05 23 47 39 44 18 31 48 33 43 15 28 49 19 22 21 00  - [fitness: 1031.13, distance: 9698.14]
actual : 00 48 31 44 18 40 07 08 09 42 32 50 10 51 13 12 46 25 26 27 11 24 03 05 14 04 23 47 37 36 39 38 35 34 33 43 45 15 28 49 19 22 29 01 06 41 20 16 02 17 30 21  - [fitness: 1325.49, distance: 7544.37]

running GA 28...

my best: 01 41 45 11 27 26 10 50 32 09 08 07 42 03 24 25 12 51 13 46 28 29 30 20 22 19 49 47 36 39 37 23 04 05 14 38 44 18 40 02 31 48 35 34 33 43 15 00 21 17 16 06  - [fitness: 939.466, distance: 10644.3]
actual : 00 48 31 44 18 40 07 08 09 42 32 50 10 51 13 12 46 25 26 27 11 24 03 05 14 04 23 47 37 36 39 38 35 34 33 43 45 15 28 49 19 22 29 01 06 41 20 16 02 17 30 21  - [fitness: 1325.49, distance: 7544.37]

running GA 29...

my best: 50 10 11 27 25 46 12 13 51 26 24 47 31 17 20 16 02 18 44 36 39 37 42 32 09 08 07 40 14 05 04 23 45 15 28 43 34 35 48 22 29 01 06 41 30 21 00 19 49 33 38 03  - [fitness: 945.399, distance: 10577.5]
actual : 00 48 31 44 18 40 07 08 09 42 32 50 10 51 13 12 46 25 26 27 11 24 03 05 14 04 23 47 37 36 39 38 35 34 33 43 45 15 28 49 19 22 29 01 06 41 20 16 02 17 30 21  - [fitness: 1325.49, distance: 7544.37]

