working on config_5
dataset: Lin_105
running GA 0...

my best: 89 93 94 99 97 95 90 92 88 80 79 75 72 41 24 25 36 46 50 45 40 16 17 23 32 44 47 42 37 38 59 69 78 76 71 82 70 67 66 48 30 28 20 09 10 14 21 15 07 08 02 00 01 05 06 18 13 33 34 52 62 61 68 74 73 57 12 03 04 11 29 39 49 53 55 54 58 63 85 91 101 100 96 84 83 81 77 104 35 26 102 19 22 27 31 103 43 51 56 60 64 65 87 86 98  - [fitness: 312.115, distance: 32039.5]
actual : 00 01 05 06 09 10 14 102 20 21 28 29 30 31 32 27 22 19 11 18 23 26 15 16 17 24 25 35 36 41 40 42 45 51 52 57 56 53 50 46 43 103 39 48 44 47 49 54 55 58 104 61 62 69 68 73 74 80 72 75 79 85 78 76 71 63 66 67 70 77 81 82 83 84 90 91 95 96 100 101 92 88 89 97 98 99 94 93 87 86 65 64 60 59 38 37 34 33 13 12 03 04 08 07 02  - [fitness: 695.265, distance: 14383]

running GA 1...

my best: 14 102 20 21 28 30 31 58 49 35 18 00 01 09 29 54 47 48 44 39 103 46 53 52 45 40 43 50 51 63 78 90 91 95 92 99 93 94 85 76 71 67 66 72 59 60 41 25 24 15 26 22 19 27 32 57 61 69 74 65 86 87 89 88 104 55 68 80 73 83 84 82 77 81 96 100 101 70 56 42 04 03 02 12 13 33 34 10 06 05 11 37 38 64 98 97 79 75 62 36 17 07 08 16 23  - [fitness: 281.307, distance: 35548.3]
actual : 00 01 05 06 09 10 14 102 20 21 28 29 30 31 32 27 22 19 11 18 23 26 15 16 17 24 25 35 36 41 40 42 45 51 52 57 56 53 50 46 43 103 39 48 44 47 49 54 55 58 104 61 62 69 68 73 74 80 72 75 79 85 78 76 71 63 66 67 70 77 81 82 83 84 90 91 95 96 100 101 92 88 89 97 98 99 94 93 87 86 65 64 60 59 38 37 34 33 13 12 03 04 08 07 02  - [fitness: 695.265, distance: 14383]

running GA 2...

my best: 05 102 19 35 34 33 37 38 16 11 22 27 50 61 75 85 92 90 91 95 96 84 81 55 54 44 46 40 42 41 59 60 64 89 98 97 100 101 82 83 72 79 68 62 00 01 09 10 21 32 36 56 53 49 48 39 47 103 23 18 02 07 45 69 74 70 77 76 78 67 71 88 87 86 73 80 94 99 93 65 63 66 104 58 52 57 51 43 17 15 08 13 04 03 12 24 25 26 31 30 29 28 20 14 06  - [fitness: 305.467, distance: 32736.8]
actual : 00 01 05 06 09 10 14 102 20 21 28 29 30 31 32 27 22 19 11 18 23 26 15 16 17 24 25 35 36 41 40 42 45 51 52 57 56 53 50 46 43 103 39 48 44 47 49 54 55 58 104 61 62 69 68 73 74 80 72 75 79 85 78 76 71 63 66 67 70 77 81 82 83 84 90 91 95 96 100 101 92 88 89 97 98 99 94 93 87 86 65 64 60 59 38 37 34 33 13 12 03 04 08 07 02  - [fitness: 695.265, distance: 14383]

running GA 3...

my best: 45 42 41 86 87 89 98 101 95 96 85 40 26 22 19 48 58 76 75 72 63 104 49 47 44 50 57 65 64 15 08 33 34 37 94 99 93 80 54 27 102 11 07 14 32 62 68 69 73 74 60 59 88 90 83 78 71 43 16 03 04 12 38 51 66 82 81 84 77 91 100 97 92 79 61 36 25 17 13 39 67 70 55 35 24 23 18 10 05 06 00 01 02 09 20 21 28 29 30 31 103 46 53 56 52  - [fitness: 242.461, distance: 41243.8]
actual : 00 01 05 06 09 10 14 102 20 21 28 29 30 31 32 27 22 19 11 18 23 26 15 16 17 24 25 35 36 41 40 42 45 51 52 57 56 53 50 46 43 103 39 48 44 47 49 54 55 58 104 61 62 69 68 73 74 80 72 75 79 85 78 76 71 63 66 67 70 77 81 82 83 84 90 91 95 96 100 101 92 88 89 97 98 99 94 93 87 86 65 64 60 59 38 37 34 33 13 12 03 04 08 07 02  - [fitness: 695.265, distance: 14383]

running GA 4...

my best: 80 69 59 34 33 37 24 23 29 30 19 17 36 04 03 02 11 102 06 05 10 14 20 57 53 54 49 55 81 82 62 46 45 43 16 15 18 103 39 47 58 76 78 98 93 94 99 89 90 91 83 79 51 41 32 26 104 96 101 100 95 35 25 40 84 92 97 85 77 70 71 48 44 66 67 75 72 65 60 64 86 87 68 63 56 50 52 42 31 28 21 27 22 09 00 01 07 08 13 12 38 61 73 74 88  - [fitness: 248.071, distance: 40311.1]
actual : 00 01 05 06 09 10 14 102 20 21 28 29 30 31 32 27 22 19 11 18 23 26 15 16 17 24 25 35 36 41 40 42 45 51 52 57 56 53 50 46 43 103 39 48 44 47 49 54 55 58 104 61 62 69 68 73 74 80 72 75 79 85 78 76 71 63 66 67 70 77 81 82 83 84 90 91 95 96 100 101 92 88 89 97 98 99 94 93 87 86 65 64 60 59 38 37 34 33 13 12 03 04 08 07 02  - [fitness: 695.265, distance: 14383]

running GA 5...

my best: 102 30 103 41 62 68 65 64 00 05 01 06 14 27 50 52 57 51 45 42 03 04 02 09 10 11 15 16 24 17 26 28 21 20 22 32 39 44 48 55 58 71 67 70 77 83 85 75 73 74 91 90 84 81 19 23 18 12 34 37 40 43 69 79 66 56 53 104 82 95 96 92 97 98 88 89 72 63 49 47 46 86 87 93 101 100 78 76 54 35 36 25 07 08 13 33 38 61 80 94 99 59 60 31 29  - [fitness: 258.233, distance: 38724.7]
actual : 00 01 05 06 09 10 14 102 20 21 28 29 30 31 32 27 22 19 11 18 23 26 15 16 17 24 25 35 36 41 40 42 45 51 52 57 56 53 50 46 43 103 39 48 44 47 49 54 55 58 104 61 62 69 68 73 74 80 72 75 79 85 78 76 71 63 66 67 70 77 81 82 83 84 90 91 95 96 100 101 92 88 89 97 98 99 94 93 87 86 65 64 60 59 38 37 34 33 13 12 03 04 08 07 02  - [fitness: 695.265, distance: 14383]

running GA 6...

my best: 68 57 45 42 02 07 08 15 16 24 19 22 21 27 58 71 78 104 44 47 54 50 52 83 101 100 90 91 64 94 99 98 96 95 61 00 01 06 09 05 10 14 102 20 48 70 77 81 76 72 80 74 73 60 65 59 37 38 41 46 53 56 66 67 82 84 93 87 86 33 12 13 04 03 17 23 31 25 40 103 32 39 35 34 43 49 55 63 79 75 85 92 97 89 88 30 29 28 11 26 18 36 51 62 69  - [fitness: 255.184, distance: 39187.4]
actual : 00 01 05 06 09 10 14 102 20 21 28 29 30 31 32 27 22 19 11 18 23 26 15 16 17 24 25 35 36 41 40 42 45 51 52 57 56 53 50 46 43 103 39 48 44 47 49 54 55 58 104 61 62 69 68 73 74 80 72 75 79 85 78 76 71 63 66 67 70 77 81 82 83 84 90 91 95 96 100 101 92 88 89 97 98 99 94 93 87 86 65 64 60 59 38 37 34 33 13 12 03 04 08 07 02  - [fitness: 695.265, distance: 14383]

running GA 7...

my best: 104 49 47 44 36 24 08 34 33 59 60 86 87 64 65 69 62 42 103 40 66 70 67 71 76 78 98 97 92 96 95 91 90 85 83 84 88 89 79 75 72 74 73 80 77 82 81 54 53 38 37 29 22 14 00 01 10 21 58 63 99 93 94 101 100 28 20 27 35 32 30 31 39 43 13 12 03 04 07 11 02 06 09 05 102 19 18 15 16 26 23 25 17 41 50 56 55 48 46 51 45 52 57 61 68  - [fitness: 297.183, distance: 33649.3]
actual : 00 01 05 06 09 10 14 102 20 21 28 29 30 31 32 27 22 19 11 18 23 26 15 16 17 24 25 35 36 41 40 42 45 51 52 57 56 53 50 46 43 103 39 48 44 47 49 54 55 58 104 61 62 69 68 73 74 80 72 75 79 85 78 76 71 63 66 67 70 77 81 82 83 84 90 91 95 96 100 101 92 88 89 97 98 99 94 93 87 86 65 64 60 59 38 37 34 33 13 12 03 04 08 07 02  - [fitness: 695.265, distance: 14383]

running GA 8...

my best: 42 45 41 98 97 92 62 48 39 47 49 55 54 58 66 78 85 88 87 86 72 75 83 84 77 63 53 44 32 27 23 24 17 02 00 05 11 18 26 22 19 102 10 09 15 50 104 57 56 46 43 33 38 34 16 01 06 20 21 28 40 35 103 31 30 29 14 07 08 25 37 59 80 73 74 79 90 101 96 100 91 95 82 81 70 67 71 76 68 69 89 94 93 99 61 51 52 60 65 64 13 03 04 12 36  - [fitness: 289.308, distance: 34565.3]
actual : 00 01 05 06 09 10 14 102 20 21 28 29 30 31 32 27 22 19 11 18 23 26 15 16 17 24 25 35 36 41 40 42 45 51 52 57 56 53 50 46 43 103 39 48 44 47 49 54 55 58 104 61 62 69 68 73 74 80 72 75 79 85 78 76 71 63 66 67 70 77 81 82 83 84 90 91 95 96 100 101 92 88 89 97 98 99 94 93 87 86 65 64 60 59 38 37 34 33 13 12 03 04 08 07 02  - [fitness: 695.265, distance: 14383]

running GA 9...

my best: 16 37 38 61 67 70 66 71 73 74 80 79 83 85 81 77 50 53 56 76 84 78 72 68 69 45 57 24 04 03 12 13 43 32 25 35 36 42 40 23 26 22 20 10 09 14 102 27 18 15 19 11 07 08 33 34 86 88 90 91 95 96 100 101 97 92 82 46 51 52 55 58 54 49 28 06 05 01 00 02 17 41 62 98 94 99 93 87 89 75 63 104 65 64 60 59 21 30 29 31 39 44 47 48 103  - [fitness: 284.702, distance: 35124.4]
actual : 00 01 05 06 09 10 14 102 20 21 28 29 30 31 32 27 22 19 11 18 23 26 15 16 17 24 25 35 36 41 40 42 45 51 52 57 56 53 50 46 43 103 39 48 44 47 49 54 55 58 104 61 62 69 68 73 74 80 72 75 79 85 78 76 71 63 66 67 70 77 81 82 83 84 90 91 95 96 100 101 92 88 89 97 98 99 94 93 87 86 65 64 60 59 38 37 34 33 13 12 03 04 08 07 02  - [fitness: 695.265, distance: 14383]

running GA 10...

my best: 90 91 95 96 82 77 66 52 35 34 37 38 41 70 81 83 84 71 72 75 55 54 24 17 25 18 19 31 48 63 76 78 67 42 07 02 00 11 22 20 102 14 10 09 06 01 05 21 28 29 30 27 16 08 15 36 40 69 74 101 100 97 99 98 89 73 68 61 53 49 47 44 39 23 26 32 103 43 46 50 56 62 87 86 64 65 57 45 51 58 104 92 88 94 93 59 13 04 03 12 33 60 80 79 85  - [fitness: 281.407, distance: 35535.7]
actual : 00 01 05 06 09 10 14 102 20 21 28 29 30 31 32 27 22 19 11 18 23 26 15 16 17 24 25 35 36 41 40 42 45 51 52 57 56 53 50 46 43 103 39 48 44 47 49 54 55 58 104 61 62 69 68 73 74 80 72 75 79 85 78 76 71 63 66 67 70 77 81 82 83 84 90 91 95 96 100 101 92 88 89 97 98 99 94 93 87 86 65 64 60 59 38 37 34 33 13 12 03 04 08 07 02  - [fitness: 695.265, distance: 14383]

running GA 11...

my best: 51 42 40 41 35 25 24 16 04 03 12 36 46 44 58 66 103 26 23 27 28 32 30 19 22 102 21 20 14 02 00 01 05 06 09 10 11 15 17 33 37 38 52 57 53 56 13 34 59 65 78 92 97 64 60 94 99 93 95 96 76 71 84 77 70 80 79 83 90 91 98 89 88 85 49 45 18 08 07 72 100 101 82 81 67 48 31 29 39 43 50 74 68 69 86 87 73 75 63 104 55 54 47 61 62  - [fitness: 269.398, distance: 37119.7]
actual : 00 01 05 06 09 10 14 102 20 21 28 29 30 31 32 27 22 19 11 18 23 26 15 16 17 24 25 35 36 41 40 42 45 51 52 57 56 53 50 46 43 103 39 48 44 47 49 54 55 58 104 61 62 69 68 73 74 80 72 75 79 85 78 76 71 63 66 67 70 77 81 82 83 84 90 91 95 96 100 101 92 88 89 97 98 99 94 93 87 86 65 64 60 59 38 37 34 33 13 12 03 04 08 07 02  - [fitness: 695.265, distance: 14383]

running GA 12...

my best: 78 71 72 75 73 80 85 77 83 81 84 96 95 100 101 91 70 67 104 61 64 86 65 59 60 57 53 58 55 46 43 08 12 13 36 40 50 76 63 31 09 02 07 18 26 79 90 82 66 04 03 37 41 49 48 10 06 05 01 00 56 87 94 99 93 62 44 103 39 54 47 38 33 34 25 16 23 11 14 20 45 51 42 35 24 17 15 102 21 28 30 29 27 22 19 32 52 68 69 74 88 89 98 97 92  - [fitness: 262.143, distance: 38147.1]
actual : 00 01 05 06 09 10 14 102 20 21 28 29 30 31 32 27 22 19 11 18 23 26 15 16 17 24 25 35 36 41 40 42 45 51 52 57 56 53 50 46 43 103 39 48 44 47 49 54 55 58 104 61 62 69 68 73 74 80 72 75 79 85 78 76 71 63 66 67 70 77 81 82 83 84 90 91 95 96 100 101 92 88 89 97 98 99 94 93 87 86 65 64 60 59 38 37 34 33 13 12 03 04 08 07 02  - [fitness: 695.265, distance: 14383]

running GA 13...

my best: 12 34 52 61 73 63 104 53 30 29 28 31 39 90 91 62 56 51 45 40 57 68 89 75 79 64 65 04 03 33 95 96 100 101 80 74 103 01 00 02 38 59 36 35 26 20 32 42 41 86 99 94 55 54 48 22 43 50 66 67 72 69 88 92 98 97 93 87 60 37 08 07 05 06 09 10 102 14 21 58 70 77 81 82 84 78 85 83 76 71 44 47 49 46 23 18 17 24 25 27 19 11 15 16 13  - [fitness: 231.9, distance: 43122.1]
actual : 00 01 05 06 09 10 14 102 20 21 28 29 30 31 32 27 22 19 11 18 23 26 15 16 17 24 25 35 36 41 40 42 45 51 52 57 56 53 50 46 43 103 39 48 44 47 49 54 55 58 104 61 62 69 68 73 74 80 72 75 79 85 78 76 71 63 66 67 70 77 81 82 83 84 90 91 95 96 100 101 92 88 89 97 98 99 94 93 87 86 65 64 60 59 38 37 34 33 13 12 03 04 08 07 02  - [fitness: 695.265, distance: 14383]

running GA 14...

my best: 69 62 61 68 79 75 55 46 27 24 15 17 16 18 11 07 02 05 19 102 10 00 01 06 64 65 87 86 93 57 52 51 43 45 40 34 33 13 12 03 04 08 41 60 59 104 83 81 84 72 80 74 73 56 50 53 32 22 20 31 67 76 71 78 66 70 77 82 63 49 47 44 14 09 23 25 37 38 42 103 48 58 54 39 35 36 26 28 21 30 29 90 91 92 85 88 98 97 95 96 100 101 99 94 89  - [fitness: 282.723, distance: 35370.3]
actual : 00 01 05 06 09 10 14 102 20 21 28 29 30 31 32 27 22 19 11 18 23 26 15 16 17 24 25 35 36 41 40 42 45 51 52 57 56 53 50 46 43 103 39 48 44 47 49 54 55 58 104 61 62 69 68 73 74 80 72 75 79 85 78 76 71 63 66 67 70 77 81 82 83 84 90 91 95 96 100 101 92 88 89 97 98 99 94 93 87 86 65 64 60 59 38 37 34 33 13 12 03 04 08 07 02  - [fitness: 695.265, distance: 14383]

running GA 15...

my best: 99 85 76 82 81 96 101 100 92 91 90 66 102 14 06 00 01 10 11 18 24 25 22 29 20 19 15 17 59 64 60 12 13 16 08 07 05 09 98 97 84 70 54 31 21 30 28 27 35 26 23 43 50 49 44 103 36 04 03 02 32 39 48 47 53 45 65 69 74 73 68 52 51 46 104 63 71 78 83 95 94 93 86 87 89 88 79 72 75 61 77 67 58 55 56 57 38 37 33 34 41 42 40 62 80  - [fitness: 265.332, distance: 37688.6]
actual : 00 01 05 06 09 10 14 102 20 21 28 29 30 31 32 27 22 19 11 18 23 26 15 16 17 24 25 35 36 41 40 42 45 51 52 57 56 53 50 46 43 103 39 48 44 47 49 54 55 58 104 61 62 69 68 73 74 80 72 75 79 85 78 76 71 63 66 67 70 77 81 82 83 84 90 91 95 96 100 101 92 88 89 97 98 99 94 93 87 86 65 64 60 59 38 37 34 33 13 12 03 04 08 07 02  - [fitness: 695.265, distance: 14383]

running GA 16...

my best: 49 55 104 66 90 91 96 95 84 82 67 71 76 78 81 77 58 48 31 21 23 25 16 08 35 40 42 45 30 29 32 103 62 80 74 69 61 68 59 34 33 12 13 07 01 00 22 26 51 57 86 94 99 85 83 70 63 75 79 73 72 89 93 87 52 53 14 06 09 102 27 19 18 17 24 36 43 41 38 37 88 97 98 101 100 92 47 44 39 03 04 11 28 20 10 05 02 15 60 64 65 56 50 46 54  - [fitness: 267.386, distance: 37399.2]
actual : 00 01 05 06 09 10 14 102 20 21 28 29 30 31 32 27 22 19 11 18 23 26 15 16 17 24 25 35 36 41 40 42 45 51 52 57 56 53 50 46 43 103 39 48 44 47 49 54 55 58 104 61 62 69 68 73 74 80 72 75 79 85 78 76 71 63 66 67 70 77 81 82 83 84 90 91 95 96 100 101 92 88 89 97 98 99 94 93 87 86 65 64 60 59 38 37 34 33 13 12 03 04 08 07 02  - [fitness: 695.265, distance: 14383]

running GA 17...

my best: 02 41 36 21 20 14 06 10 11 29 27 22 18 25 24 19 102 28 30 35 31 39 48 49 55 50 46 44 43 72 71 78 85 88 80 74 86 37 34 52 57 101 100 90 66 103 15 17 16 33 38 97 98 89 84 82 81 83 76 42 40 45 60 65 64 59 12 03 04 62 68 69 51 13 08 07 23 26 47 104 73 87 93 94 99 96 95 91 92 79 75 63 56 53 61 67 77 70 58 54 32 09 05 01 00  - [fitness: 251.582, distance: 39748.5]
actual : 00 01 05 06 09 10 14 102 20 21 28 29 30 31 32 27 22 19 11 18 23 26 15 16 17 24 25 35 36 41 40 42 45 51 52 57 56 53 50 46 43 103 39 48 44 47 49 54 55 58 104 61 62 69 68 73 74 80 72 75 79 85 78 76 71 63 66 67 70 77 81 82 83 84 90 91 95 96 100 101 92 88 89 97 98 99 94 93 87 86 65 64 60 59 38 37 34 33 13 12 03 04 08 07 02  - [fitness: 695.265, distance: 14383]

running GA 18...

my best: 40 53 52 71 78 83 77 82 81 70 58 48 103 29 20 14 08 16 34 38 37 46 42 33 59 64 89 88 72 104 54 07 02 00 01 21 28 30 31 51 57 60 86 87 94 93 69 61 66 67 84 96 90 06 09 05 10 43 50 68 73 74 62 45 41 36 35 44 39 47 91 95 101 100 63 56 12 03 04 49 55 76 99 98 97 92 85 79 75 80 65 13 15 17 25 32 26 23 18 11 19 22 102 27 24  - [fitness: 243.193, distance: 41119.7]
actual : 00 01 05 06 09 10 14 102 20 21 28 29 30 31 32 27 22 19 11 18 23 26 15 16 17 24 25 35 36 41 40 42 45 51 52 57 56 53 50 46 43 103 39 48 44 47 49 54 55 58 104 61 62 69 68 73 74 80 72 75 79 85 78 76 71 63 66 67 70 77 81 82 83 84 90 91 95 96 100 101 92 88 89 97 98 99 94 93 87 86 65 64 60 59 38 37 34 33 13 12 03 04 08 07 02  - [fitness: 695.265, distance: 14383]

running GA 19...

my best: 57 41 40 43 46 52 51 45 42 26 27 22 11 06 05 00 01 14 20 17 34 38 60 62 61 72 65 64 80 90 91 100 101 97 92 54 104 71 77 67 70 66 33 13 12 04 03 53 81 82 84 95 96 39 35 23 18 36 74 79 78 85 88 98 99 93 94 87 31 102 09 10 28 29 44 19 02 08 07 15 56 58 50 103 32 30 21 48 47 49 55 89 86 25 24 16 37 59 69 73 68 75 83 76 63  - [fitness: 243.934, distance: 40994.7]
actual : 00 01 05 06 09 10 14 102 20 21 28 29 30 31 32 27 22 19 11 18 23 26 15 16 17 24 25 35 36 41 40 42 45 51 52 57 56 53 50 46 43 103 39 48 44 47 49 54 55 58 104 61 62 69 68 73 74 80 72 75 79 85 78 76 71 63 66 67 70 77 81 82 83 84 90 91 95 96 100 101 92 88 89 97 98 99 94 93 87 86 65 64 60 59 38 37 34 33 13 12 03 04 08 07 02  - [fitness: 695.265, distance: 14383]

running GA 20...

my best: 17 08 04 03 12 33 54 55 58 50 104 34 37 38 13 16 15 18 102 21 31 30 39 46 53 66 77 82 83 78 71 48 29 28 20 10 09 05 06 32 103 61 63 72 79 75 51 52 42 40 60 59 65 86 87 69 74 80 68 73 70 101 96 100 95 91 90 81 84 98 97 64 57 56 44 47 49 43 45 25 24 14 00 01 02 07 11 23 62 93 99 94 89 88 85 92 67 76 41 36 35 27 22 19 26  - [fitness: 294.901, distance: 33909.7]
actual : 00 01 05 06 09 10 14 102 20 21 28 29 30 31 32 27 22 19 11 18 23 26 15 16 17 24 25 35 36 41 40 42 45 51 52 57 56 53 50 46 43 103 39 48 44 47 49 54 55 58 104 61 62 69 68 73 74 80 72 75 79 85 78 76 71 63 66 67 70 77 81 82 83 84 90 91 95 96 100 101 92 88 89 97 98 99 94 93 87 86 65 64 60 59 38 37 34 33 13 12 03 04 08 07 02  - [fitness: 695.265, distance: 14383]

running GA 21...

my best: 41 18 17 25 13 34 33 86 87 53 10 09 14 23 40 45 60 65 92 100 95 96 54 48 58 55 104 56 61 51 46 36 35 27 19 22 29 42 43 49 47 44 15 16 07 08 02 05 06 11 04 03 12 66 82 84 81 78 71 67 70 77 83 76 63 32 26 24 75 79 90 91 97 88 89 69 62 57 38 37 52 80 85 101 98 94 99 93 64 59 01 00 20 21 39 103 30 31 28 102 50 72 74 73 68  - [fitness: 237.773, distance: 42057]
actual : 00 01 05 06 09 10 14 102 20 21 28 29 30 31 32 27 22 19 11 18 23 26 15 16 17 24 25 35 36 41 40 42 45 51 52 57 56 53 50 46 43 103 39 48 44 47 49 54 55 58 104 61 62 69 68 73 74 80 72 75 79 85 78 76 71 63 66 67 70 77 81 82 83 84 90 91 95 96 100 101 92 88 89 97 98 99 94 93 87 86 65 64 60 59 38 37 34 33 13 12 03 04 08 07 02  - [fitness: 695.265, distance: 14383]

running GA 22...

my best: 58 67 70 77 81 63 49 44 39 30 31 24 25 01 00 02 82 96 95 90 84 66 48 23 27 22 102 10 09 06 05 11 19 26 17 16 38 65 64 87 86 89 75 80 74 73 29 21 20 14 28 32 52 57 62 69 93 99 94 68 72 50 46 43 40 79 91 100 101 88 60 59 34 12 04 03 41 51 45 42 54 104 76 85 83 92 98 97 78 71 61 37 33 13 08 07 15 18 36 35 103 47 53 56 55  - [fitness: 272.066, distance: 36755.8]
actual : 00 01 05 06 09 10 14 102 20 21 28 29 30 31 32 27 22 19 11 18 23 26 15 16 17 24 25 35 36 41 40 42 45 51 52 57 56 53 50 46 43 103 39 48 44 47 49 54 55 58 104 61 62 69 68 73 74 80 72 75 79 85 78 76 71 63 66 67 70 77 81 82 83 84 90 91 95 96 100 101 92 88 89 97 98 99 94 93 87 86 65 64 60 59 38 37 34 33 13 12 03 04 08 07 02  - [fitness: 695.265, distance: 14383]

running GA 23...

my best: 50 53 57 52 43 45 35 25 24 16 18 23 17 15 89 79 76 71 67 70 81 95 96 84 82 63 58 10 09 05 06 68 74 73 85 75 72 80 98 97 92 01 00 02 07 22 26 36 59 60 64 48 44 49 103 28 20 13 12 03 04 08 27 19 30 31 78 83 90 91 100 101 39 11 14 102 21 29 32 40 51 93 94 99 88 77 66 55 104 46 56 62 65 37 34 33 38 42 41 87 86 69 61 54 47  - [fitness: 243.663, distance: 41040.3]
actual : 00 01 05 06 09 10 14 102 20 21 28 29 30 31 32 27 22 19 11 18 23 26 15 16 17 24 25 35 36 41 40 42 45 51 52 57 56 53 50 46 43 103 39 48 44 47 49 54 55 58 104 61 62 69 68 73 74 80 72 75 79 85 78 76 71 63 66 67 70 77 81 82 83 84 90 91 95 96 100 101 92 88 89 97 98 99 94 93 87 86 65 64 60 59 38 37 34 33 13 12 03 04 08 07 02  - [fitness: 695.265, distance: 14383]

running GA 24...

my best: 07 08 16 68 72 80 74 63 58 47 19 11 01 00 02 43 75 79 73 69 57 102 21 28 70 81 84 92 99 93 87 86 10 09 29 71 78 88 98 97 101 100 95 96 76 56 46 44 36 12 13 04 03 17 23 26 32 54 55 77 82 90 91 83 104 53 52 51 42 38 37 59 64 94 89 85 67 66 14 05 06 20 30 48 49 39 103 50 61 62 65 60 33 34 41 40 45 35 25 24 15 18 27 31 22  - [fitness: 244.944, distance: 40825.6]
actual : 00 01 05 06 09 10 14 102 20 21 28 29 30 31 32 27 22 19 11 18 23 26 15 16 17 24 25 35 36 41 40 42 45 51 52 57 56 53 50 46 43 103 39 48 44 47 49 54 55 58 104 61 62 69 68 73 74 80 72 75 79 85 78 76 71 63 66 67 70 77 81 82 83 84 90 91 95 96 100 101 92 88 89 97 98 99 94 93 87 86 65 64 60 59 38 37 34 33 13 12 03 04 08 07 02  - [fitness: 695.265, distance: 14383]

running GA 25...

my best: 92 97 76 79 78 83 84 82 67 70 77 90 91 95 74 68 36 01 00 05 66 81 63 71 104 55 54 14 10 09 102 29 30 31 58 75 72 56 53 46 57 64 65 87 86 93 99 94 62 50 43 41 40 15 11 06 02 07 25 61 98 100 101 96 80 69 59 60 37 13 16 20 21 28 27 18 23 26 39 48 49 44 24 12 03 04 08 17 35 51 52 45 33 34 38 42 47 103 32 19 22 73 89 88 85  - [fitness: 259.435, distance: 38545.4]
actual : 00 01 05 06 09 10 14 102 20 21 28 29 30 31 32 27 22 19 11 18 23 26 15 16 17 24 25 35 36 41 40 42 45 51 52 57 56 53 50 46 43 103 39 48 44 47 49 54 55 58 104 61 62 69 68 73 74 80 72 75 79 85 78 76 71 63 66 67 70 77 81 82 83 84 90 91 95 96 100 101 92 88 89 97 98 99 94 93 87 86 65 64 60 59 38 37 34 33 13 12 03 04 08 07 02  - [fitness: 695.265, distance: 14383]

running GA 26...

my best: 66 76 78 63 55 49 81 96 100 101 95 92 74 80 104 56 58 48 28 21 20 102 32 35 42 41 46 43 36 16 15 17 11 14 02 05 06 04 03 12 57 62 88 86 87 64 59 45 51 52 44 47 54 40 34 13 33 37 38 60 65 94 93 99 89 90 85 79 75 73 72 67 70 82 84 91 98 97 69 71 77 83 68 61 39 10 09 00 01 23 26 18 27 30 31 29 19 22 25 24 08 07 103 50 53  - [fitness: 299.223, distance: 33419.9]
actual : 00 01 05 06 09 10 14 102 20 21 28 29 30 31 32 27 22 19 11 18 23 26 15 16 17 24 25 35 36 41 40 42 45 51 52 57 56 53 50 46 43 103 39 48 44 47 49 54 55 58 104 61 62 69 68 73 74 80 72 75 79 85 78 76 71 63 66 67 70 77 81 82 83 84 90 91 95 96 100 101 92 88 89 97 98 99 94 93 87 86 65 64 60 59 38 37 34 33 13 12 03 04 08 07 02  - [fitness: 695.265, distance: 14383]

running GA 27...

my best: 04 03 12 23 11 19 103 43 56 54 50 46 40 35 69 62 51 27 22 29 47 65 93 99 96 95 90 57 52 37 38 59 64 87 94 86 71 76 81 82 77 39 14 09 06 05 00 01 10 21 31 72 85 78 83 63 58 48 49 53 55 61 80 73 60 33 25 24 17 16 15 32 36 42 68 79 75 74 97 98 89 88 92 100 101 91 84 45 41 34 20 28 102 02 07 08 18 26 30 44 104 66 70 67 13  - [fitness: 249.599, distance: 40064.2]
actual : 00 01 05 06 09 10 14 102 20 21 28 29 30 31 32 27 22 19 11 18 23 26 15 16 17 24 25 35 36 41 40 42 45 51 52 57 56 53 50 46 43 103 39 48 44 47 49 54 55 58 104 61 62 69 68 73 74 80 72 75 79 85 78 76 71 63 66 67 70 77 81 82 83 84 90 91 95 96 100 101 92 88 89 97 98 99 94 93 87 86 65 64 60 59 38 37 34 33 13 12 03 04 08 07 02  - [fitness: 695.265, distance: 14383]

running GA 28...

my best: 61 62 68 69 56 47 44 30 20 102 14 09 10 29 39 76 79 88 96 100 101 98 97 85 78 104 49 54 55 63 71 67 70 77 82 84 92 89 93 99 94 64 65 74 72 75 46 40 35 16 15 17 24 25 23 18 13 12 86 87 95 90 91 83 81 66 08 11 06 05 00 01 31 50 53 103 19 21 28 22 27 26 34 33 37 38 60 59 51 45 36 03 04 02 07 32 52 80 73 58 48 43 42 41 57  - [fitness: 279.567, distance: 35769.6]
actual : 00 01 05 06 09 10 14 102 20 21 28 29 30 31 32 27 22 19 11 18 23 26 15 16 17 24 25 35 36 41 40 42 45 51 52 57 56 53 50 46 43 103 39 48 44 47 49 54 55 58 104 61 62 69 68 73 74 80 72 75 79 85 78 76 71 63 66 67 70 77 81 82 83 84 90 91 95 96 100 101 92 88 89 97 98 99 94 93 87 86 65 64 60 59 38 37 34 33 13 12 03 04 08 07 02  - [fitness: 695.265, distance: 14383]

running GA 29...

my best: 23 18 25 17 12 04 03 16 102 19 53 50 46 42 34 33 37 38 100 101 92 97 98 79 75 85 90 91 81 77 70 31 29 30 27 22 40 41 62 69 74 80 65 51 43 49 44 48 47 39 103 35 24 15 11 10 09 02 07 08 13 36 45 52 28 06 05 01 00 20 14 21 57 61 76 84 95 96 78 67 66 71 72 58 63 56 54 55 104 88 99 94 93 60 59 64 86 87 89 73 68 82 83 32 26  - [fitness: 284.195, distance: 35187.2]
actual : 00 01 05 06 09 10 14 102 20 21 28 29 30 31 32 27 22 19 11 18 23 26 15 16 17 24 25 35 36 41 40 42 45 51 52 57 56 53 50 46 43 103 39 48 44 47 49 54 55 58 104 61 62 69 68 73 74 80 72 75 79 85 78 76 71 63 66 67 70 77 81 82 83 84 90 91 95 96 100 101 92 88 89 97 98 99 94 93 87 86 65 64 60 59 38 37 34 33 13 12 03 04 08 07 02  - [fitness: 695.265, distance: 14383]

