-6.933333,20.000000,9.386667,
-0.533333,21.233333,11.683667,
1.733333,22.433333,13.241167,
2.733333,23.100000,14.529167,
4.633333,23.433333,15.628500,
5.700000,23.866667,16.467833,
6.733333,24.166667,17.258000,
7.266667,24.566667,17.869000,
7.700000,24.833333,18.365500,
8.733333,24.900000,18.869500,
9.700000,25.000000,19.295000,
10.466667,25.366667,19.655500,
11.033333,25.233333,20.051833,
12.033333,25.533333,20.419167,
12.533333,25.633333,20.745833,
13.033333,25.600000,21.084167,
13.533333,25.833333,21.336833,
14.100000,25.766667,21.586167,
14.300000,25.833333,21.859667,
15.066667,25.933333,22.077667,
15.500000,26.033333,22.244833,
15.933333,26.100000,22.431833,
16.000000,26.066667,22.581833,
16.266667,26.166667,22.776333,
16.566667,26.133333,22.924667,
17.066667,26.300000,23.045000,
17.433333,26.233333,23.171833,
17.733333,26.333333,23.255333,
17.866667,26.466667,23.318333,
18.000000,26.466667,23.441667,
18.100000,26.433333,23.504500,
18.600000,26.533333,23.620833,
17.966667,26.666667,23.677167,
18.400000,26.700000,23.758000,
18.600000,26.666667,23.837000,
18.666667,26.666667,23.909500,
19.200000,26.733333,24.001000,
19.233333,26.800000,24.052333,
19.133333,26.900000,24.139333,
19.000000,26.833333,24.220333,
19.333333,26.900000,24.310500,
19.266667,26.900000,24.383000,
19.633333,26.900000,24.468000,
20.066667,26.933333,24.545333,
19.966667,27.033333,24.596167,
19.900000,27.033333,24.685667,
20.033333,27.066667,24.733667,
20.033333,27.066667,24.796333,
20.133333,27.233333,24.871333,
20.166667,27.200000,24.895000,
20.233333,27.266667,24.945833,
20.266667,27.366667,24.979333,
20.533333,27.300000,24.995333,
20.566667,27.266667,25.001833,
20.633333,27.200000,25.051000,
20.633333,27.166667,25.072500,
20.833333,27.166667,25.091000,
20.666667,27.133333,25.134167,
20.600000,27.166667,25.165833,
20.800000,27.333333,25.218667,
21.100000,27.333333,25.260833,
21.333333,27.266667,25.299167,
20.933333,27.400000,25.338500,
21.133333,27.366667,25.391000,
21.300000,27.400000,25.418833,
21.366667,27.366667,25.452833,
21.466667,27.466667,25.483667,
21.533333,27.466667,25.508333,
21.600000,27.433333,25.550500,
21.566667,27.466667,25.569667,
21.533333,27.400000,25.613833,
21.433333,27.466667,25.627000,
21.066667,27.433333,25.666833,
21.433333,27.466667,25.686500,
21.166667,27.500000,25.704333,
21.333333,27.533333,25.750833,
21.100000,27.566667,25.759000,
21.266667,27.566667,25.799500,
21.466667,27.633333,25.830500,
21.766667,27.633333,25.873500,
21.900000,27.600000,25.905833,
22.100000,27.666667,25.953167,
22.200000,27.633333,25.958333,
22.066667,27.666667,25.986333,
22.133333,27.800000,26.031667,
22.066667,27.733333,26.068333,
22.066667,27.733333,26.074500,
22.133333,27.666667,26.078500,
22.166667,27.666667,26.082333,
22.266667,27.733333,26.104167,
22.233333,27.800000,26.118167,
22.100000,27.766667,26.138000,
22.000000,27.800000,26.147667,
21.600000,27.800000,26.163333,
21.766667,27.800000,26.169667,
21.966667,27.800000,26.184000,
21.933333,27.766667,26.193333,
21.766667,27.766667,26.220167,
21.766667,27.766667,26.259333,
22.066667,27.733333,26.273500,
22.066667,27.800000,26.307833,
22.400000,27.800000,26.352833,
21.866667,27.866667,26.388000,
22.366667,27.866667,26.402833,
22.833333,27.833333,26.441333,
22.633333,27.900000,26.454667,
22.400000,27.866667,26.469667,
22.266667,27.933333,26.503000,
22.333333,27.933333,26.518500,
22.600000,27.966667,26.549167,
22.600000,27.966667,26.578167,
22.766667,27.933333,26.596833,
22.700000,27.966667,26.623500,
22.933333,27.966667,26.659333,
23.200000,27.966667,26.683167,
22.866667,28.000000,26.697000,
22.966667,27.966667,26.700000,
22.933333,27.966667,26.722500,
22.933333,27.966667,26.733667,
23.300000,27.966667,26.733500,
23.100000,27.966667,26.743667,
23.133333,27.966667,26.757000,
23.100000,28.033333,26.775833,
23.033333,28.000000,26.787167,
23.000000,27.966667,26.805000,
23.100000,27.933333,26.827500,
23.366667,27.966667,26.841000,
23.166667,28.033333,26.837833,
22.933333,28.033333,26.830167,
23.133333,28.033333,26.856167,
22.633333,28.033333,26.839333,
22.666667,28.066667,26.848667,
23.166667,28.100000,26.859833,
23.300000,28.000000,26.868167,
23.200000,28.033333,26.864333,
23.300000,28.066667,26.892500,
22.733333,28.066667,26.910500,
23.000000,28.066667,26.937667,
22.766667,28.066667,26.945333,
23.066667,28.100000,26.952667,
22.833333,28.066667,26.957667,
23.033333,28.133333,26.973000,
22.933333,28.200000,26.982500,
22.766667,28.166667,26.996667,
22.766667,28.100000,26.994833,
23.166667,28.033333,27.015333,
22.900000,28.166667,27.023667,
23.000000,28.100000,27.038667,
23.033333,28.100000,27.049500,
23.033333,28.133333,27.076000,
23.466667,28.133333,27.096833,
23.200000,28.200000,27.113167,
23.500000,28.166667,27.107000,
22.866667,28.133333,27.112833,
22.966667,28.200000,27.126333,
22.833333,28.133333,27.124667,
22.833333,28.166667,27.126333,
23.033333,28.166667,27.145167,
23.066667,28.166667,27.149500,
23.066667,28.133333,27.149000,
23.133333,28.133333,27.157833,
22.833333,28.133333,27.173833,
23.033333,28.100000,27.183000,
23.433333,28.166667,27.222167,
23.366667,28.133333,27.244333,
23.100000,28.133333,27.257167,
23.133333,28.133333,27.280667,
23.500000,28.166667,27.280833,
23.333333,28.133333,27.282167,
23.400000,28.166667,27.279000,
23.633333,28.233333,27.293000,
23.766667,28.200000,27.301667,
23.733333,28.266667,27.298667,
23.900000,28.200000,27.281333,
23.533333,28.233333,27.275667,
23.300000,28.233333,27.281000,
23.466667,28.100000,27.292167,
23.266667,28.033333,27.276500,
23.133333,28.200000,27.295667,
22.833333,28.200000,27.305167,
23.300000,28.233333,27.325167,
22.833333,28.233333,27.336167,
23.433333,28.200000,27.336333,
23.666667,28.233333,27.344167,
23.400000,28.200000,27.356333,
23.566667,28.200000,27.341500,
23.433333,28.233333,27.374333,
23.366667,28.166667,27.385333,
23.266667,28.200000,27.400000,
23.333333,28.200000,27.407167,
23.133333,28.166667,27.415000,
23.400000,28.233333,27.423500,
22.900000,28.233333,27.425667,
23.666667,28.200000,27.436500,
23.866667,28.166667,27.433000,
23.466667,28.200000,27.444500,
23.200000,28.233333,27.432667,
23.200000,28.266667,27.417667,
22.900000,28.266667,27.419500,
23.233333,28.233333,27.419167,
23.166667,28.266667,27.402833,
23.300000,28.266667,27.423167,
23.233333,28.300000,27.424167,
23.366667,28.266667,27.455167,
23.500000,28.266667,27.462000,
23.933333,28.333333,27.474000,
23.866667,28.333333,27.467333,
23.433333,28.333333,27.472667,
23.866667,28.333333,27.490167,
23.700000,28.333333,27.483000,
23.600000,28.366667,27.496000,
23.133333,28.366667,27.496167,
23.566667,28.333333,27.501000,
23.900000,28.366667,27.511667,
23.166667,28.366667,27.514667,
23.566667,28.366667,27.531000,
23.566667,28.333333,27.519333,
23.533333,28.333333,27.530000,
23.800000,28.333333,27.537667,
23.566667,28.333333,27.528167,
23.366667,28.333333,27.522167,
23.533333,28.333333,27.527667,
23.800000,28.366667,27.531667,
23.766667,28.366667,27.528167,
23.100000,28.300000,27.526500,
23.166667,28.300000,27.541167,
23.333333,28.266667,27.552000,
23.600000,28.266667,27.559833,
23.900000,28.233333,27.570500,
23.666667,28.233333,27.573000,
23.633333,28.233333,27.576000,
23.400000,28.233333,27.569000,
23.233333,28.266667,27.586667,
23.933333,28.233333,27.586833,
23.800000,28.266667,27.614500,
23.533333,28.233333,27.623667,
23.733333,28.233333,27.634833,
24.333333,28.233333,27.658833,
24.300000,28.200000,27.659667,
24.433333,28.200000,27.664167,
23.866667,28.300000,27.654167,
23.966667,28.266667,27.644667,
24.033333,28.333333,27.653833,
23.533333,28.300000,27.641167,
23.966667,28.300000,27.664833,
24.033333,28.300000,27.685000,
24.233333,28.266667,27.687667,
24.066667,28.300000,27.697667,
23.766667,28.300000,27.686167,
24.000000,28.266667,27.690500,
23.733333,28.233333,27.689833,
23.733333,28.233333,27.689000,
23.766667,28.233333,27.703667,
24.100000,28.233333,27.705333,
24.066667,28.300000,27.709500,
23.933333,28.266667,27.709333,
23.666667,28.266667,27.713667,
23.233333,28.300000,27.698500,
23.333333,28.366667,27.698667,
23.700000,28.366667,27.709000,
23.766667,28.333333,27.716000,
23.866667,28.333333,27.731333,
23.666667,28.333333,27.735500,
24.066667,28.366667,27.754667,
24.133333,28.333333,27.769333,
24.200000,28.366667,27.766667,
23.966667,28.400000,27.766833,
23.700000,28.433333,27.769167,
23.600000,28.366667,27.773500,
23.500000,28.400000,27.778833,
23.400000,28.333333,27.774833,
23.300000,28.366667,27.761833,
23.766667,28.366667,27.758500,
23.666667,28.366667,27.768667,
23.533333,28.300000,27.781333,
23.866667,28.300000,27.784833,
23.466667,28.300000,27.782167,
23.966667,28.266667,27.786667,
24.033333,28.233333,27.784000,
23.566667,28.233333,27.775500,
23.900000,28.233333,27.792500,
23.333333,28.233333,27.796833,
23.900000,28.266667,27.793500,
24.033333,28.266667,27.798833,
23.966667,28.266667,27.796167,
23.933333,28.300000,27.803667,
23.866667,28.266667,27.792500,
23.800000,28.300000,27.795167,
23.766667,28.266667,27.793500,
23.833333,28.266667,27.804833,
23.833333,28.266667,27.803167,
23.700000,28.233333,27.794667,
23.366667,28.233333,27.793667,
23.566667,28.233333,27.787833,
23.333333,28.266667,27.780833,
23.800000,28.266667,27.795000,
23.833333,28.300000,27.786000,
23.900000,28.266667,27.793000,
23.733333,28.300000,27.799000,
23.300000,28.333333,27.806333,
23.266667,28.400000,27.815833,
23.566667,28.400000,27.822333,
24.100000,28.366667,27.826500,
24.166667,28.333333,27.816667,
24.433333,28.366667,27.823500,
24.466667,28.333333,27.829833,
24.633333,28.333333,27.843667,
24.266667,28.300000,27.844167,
23.966667,28.300000,27.842000,
23.666667,28.333333,27.838000,
23.900000,28.400000,27.843167,
23.566667,28.400000,27.817000,
23.200000,28.366667,27.810000,
23.400000,28.366667,27.811833,
23.533333,28.366667,27.811833,
23.700000,28.366667,27.817167,
23.733333,28.333333,27.829167,
23.800000,28.366667,27.846667,
23.733333,28.366667,27.853333,
24.166667,28.366667,27.868833,
24.466667,28.400000,27.888667,
24.100000,28.366667,27.889167,
24.400000,28.400000,27.883000,
24.566667,28.366667,27.891500,
24.333333,28.400000,27.893833,
24.100000,28.366667,27.889500,
24.233333,28.366667,27.896167,
23.666667,28.366667,27.897167,
24.133333,28.366667,27.896000,
24.133333,28.366667,27.885333,
24.300000,28.366667,27.895000,
24.333333,28.400000,27.884000,
24.166667,28.366667,27.895167,
24.266667,28.400000,27.893667,
24.033333,28.433333,27.898167,
23.933333,28.400000,27.903500,
24.066667,28.333333,27.916667,
23.733333,28.366667,27.906000,
23.766667,28.333333,27.921167,
23.766667,28.333333,27.939000,
23.666667,28.333333,27.931500,
24.200000,28.366667,27.933333,
24.366667,28.366667,27.932000,
24.566667,28.333333,27.939000,
24.400000,28.333333,27.949833,
24.300000,28.333333,27.944333,
23.900000,28.333333,27.925500,
23.700000,28.300000,27.927333,
23.366667,28.300000,27.923500,
23.100000,28.300000,27.919667,
23.166667,28.266667,27.925833,
23.666667,28.300000,27.937167,
23.766667,28.266667,27.947500,
24.033333,28.266667,27.944833,
23.833333,28.300000,27.946833,
23.500000,28.266667,27.955833,
23.766667,28.266667,27.952500,
24.100000,28.300000,27.949500,
24.433333,28.266667,27.967333,
24.466667,28.266667,27.968167,
24.233333,28.266667,27.964167,
24.200000,28.300000,27.971500,
24.266667,28.333333,27.981833,
24.700000,28.333333,27.981333,
24.366667,28.300000,27.977833,
24.233333,28.300000,27.973667,
24.200000,28.300000,27.951833,
24.100000,28.366667,27.955500,
24.000000,28.366667,27.949833,
23.733333,28.366667,27.930000,
23.533333,28.400000,27.933333,
23.233333,28.366667,27.919667,
23.733333,28.333333,27.919667,
24.200000,28.366667,27.929833,
24.200000,28.400000,27.946500,
23.966667,28.366667,27.956833,
24.266667,28.366667,27.969000,
24.366667,28.333333,27.973000,
24.100000,28.333333,27.973667,
23.966667,28.300000,27.969167,
24.300000,28.300000,27.966167,
24.300000,28.300000,27.974000,
24.533333,28.300000,27.960167,
24.166667,28.300000,27.957333,
24.233333,28.300000,27.956667,
24.600000,28.300000,27.973333,
24.366667,28.333333,27.972667,
24.366667,28.366667,27.987167,
24.433333,28.366667,27.987833,
24.266667,28.333333,27.982000,
24.100000,28.333333,27.963000,
23.633333,28.333333,27.956833,
24.100000,28.333333,27.965000,
24.200000,28.366667,27.974167,
23.933333,28.366667,27.962833,
23.966667,28.400000,27.974667,
23.900000,28.366667,27.978000,
23.966667,28.366667,27.989833,
23.800000,28.366667,27.984667,
23.566667,28.333333,27.985500,
24.100000,28.366667,27.999833,
24.433333,28.333333,28.001667,
24.200000,28.333333,27.994833,
23.900000,28.333333,27.993500,
23.600000,28.300000,27.993667,
24.066667,28.333333,27.994667,
24.166667,28.333333,28.008167,
23.966667,28.366667,28.011167,
24.000000,28.400000,28.011833,
23.666667,28.366667,28.021833,
23.900000,28.366667,28.037667,
24.200000,28.366667,28.038000,
23.900000,28.366667,28.048000,
24.400000,28.400000,28.037833,
23.933333,28.400000,28.044333,
24.000000,28.366667,28.039500,
23.566667,28.366667,28.034833,
23.766667,28.366667,28.043667,
23.633333,28.366667,28.042000,
23.833333,28.366667,28.044167,
23.466667,28.366667,28.032667,
23.633333,28.400000,28.040000,
23.266667,28.366667,28.036333,
23.400000,28.400000,28.027500,
23.633333,28.366667,28.036667,
23.433333,28.366667,28.043000,
24.133333,28.366667,28.066167,
23.966667,28.400000,28.075167,
24.366667,28.366667,28.077667,
24.100000,28.400000,28.058833,
24.166667,28.366667,28.066000,
24.300000,28.366667,28.080833,
23.766667,28.366667,28.062500,
24.400000,28.366667,28.065000,
24.466667,28.366667,28.059833,
23.733333,28.366667,28.049667,
23.833333,28.433333,28.061333,
24.500000,28.400000,28.072333,
24.400000,28.366667,28.083333,
24.666667,28.366667,28.070000,
24.400000,28.366667,28.071833,
24.100000,28.366667,28.066000,
23.800000,28.366667,28.053167,
23.533333,28.366667,28.049500,
23.866667,28.366667,28.059167,
23.966667,28.366667,28.066500,
24.433333,28.366667,28.070833,
24.133333,28.366667,28.070000,
24.100000,28.366667,28.058667,
23.933333,28.366667,28.049833,
23.333333,28.366667,28.029667,
23.766667,28.366667,28.026333,
23.966667,28.400000,28.029333,
23.666667,28.433333,28.038500,
23.533333,28.400000,28.040333,
23.833333,28.400000,28.049500,
24.433333,28.400000,28.053167,
24.100000,28.400000,28.068000,
23.866667,28.433333,28.074500,
24.600000,28.400000,28.074500,
24.700000,28.366667,28.081500,
24.500000,28.366667,28.067833,
24.200000,28.366667,28.060500,
24.100000,28.366667,28.065500,
24.733333,28.366667,28.083500,
24.700000,28.366667,28.085833,
24.566667,28.433333,28.078500,
24.366667,28.400000,28.083833,
24.666667,28.400000,28.096000,
24.300000,28.400000,28.095667,
24.533333,28.366667,28.091500,
24.400000,28.366667,28.093667,
24.333333,28.400000,28.102333,
24.900000,28.400000,28.109500,
24.566667,28.400000,28.110667,
24.366667,28.433333,28.101500,
24.200000,28.433333,28.103500,
24.466667,28.433333,28.109333,
24.000000,28.433333,28.101167,
24.133333,28.433333,28.099833,
23.700000,28.433333,28.104333,
23.700000,28.400000,28.107000,
23.900000,28.400000,28.109833,
24.333333,28.433333,28.125167,
24.166667,28.433333,28.134333,
24.300000,28.466667,28.135667,
24.033333,28.433333,28.120833,
24.133333,28.433333,28.130333,
24.100000,28.433333,28.127000,
24.466667,28.466667,28.122167,
24.500000,28.466667,28.130500,
24.466667,28.400000,28.136000,
24.866667,28.433333,28.144500,
24.600000,28.433333,28.135167,
24.866667,28.433333,28.132000,
24.200000,28.433333,28.126000,
24.766667,28.433333,28.125333,
24.400000,28.433333,28.114667,
24.366667,28.400000,28.117667,
24.333333,28.400000,28.114333,
