3.532410,66.554297,32.508972,
5.411577,67.501600,37.281434,
9.087420,69.137983,41.326511,
11.670220,69.265877,44.525789,
12.700243,70.798427,47.491057,
17.484050,72.313033,49.864624,
18.690703,72.595730,51.916032,
19.493317,73.347097,53.787861,
20.730277,73.860573,55.288570,
24.895810,73.971250,56.704119,
24.397173,74.252037,57.811625,
27.154493,74.533947,58.945842,
27.707533,74.888807,59.978591,
29.073080,74.926350,60.953048,
33.112943,74.981070,61.627402,
31.966917,75.396660,62.272867,
30.550790,75.510267,62.807374,
32.779917,75.640883,63.425760,
34.353920,75.724127,64.034592,
34.506953,75.828963,64.636260,
35.051987,75.953693,65.092197,
35.764863,75.910067,65.453388,
37.516503,75.958663,65.871583,
36.447430,75.873567,66.097969,
37.750953,76.161160,66.532763,
36.771543,76.261313,66.920371,
38.006273,76.248887,67.184100,
38.731657,76.349500,67.628330,
41.272993,76.306140,67.949931,
41.592567,76.419607,68.173314,
40.296647,76.535717,68.394728,
41.627040,76.442857,68.481026,
41.485237,76.611880,68.612742,
41.716700,76.558840,68.703043,
39.917720,76.558117,69.049407,
41.270777,76.572217,69.144656,
41.916507,76.571227,69.309207,
40.875963,76.576840,69.447141,
41.020990,76.656187,69.521661,
40.730843,76.699337,69.655450,
42.392793,76.813457,69.791412,
42.991627,76.721123,70.039616,
43.500967,76.781180,70.351264,
40.809843,76.881600,70.375809,
43.602183,76.790037,70.557103,
45.686153,76.774920,70.757410,
44.117430,76.864563,70.941911,
44.243410,76.852177,71.133941,
44.432863,76.838770,71.044429,
43.740443,76.975673,71.106910,
46.051277,76.986890,71.312181,
47.524540,76.953970,71.362959,
46.372323,77.004840,71.400627,
46.668353,77.038547,71.423449,
47.842773,77.071113,71.551829,
47.750513,76.966677,71.578131,
47.194937,77.056853,71.738840,
48.195713,77.013063,71.954830,
47.977217,77.040883,71.980900,
46.414047,77.040243,72.017281,
48.913190,77.144333,72.102675,
46.449110,77.231927,72.082354,
48.229700,77.087210,72.117115,
47.854227,77.120897,72.185731,
49.128070,77.171140,72.337625,
49.730270,77.176627,72.446263,
50.545843,77.196773,72.560308,
50.725150,77.133557,72.515695,
49.129110,77.302727,72.544176,
48.061047,77.332910,72.495169,
48.965950,77.299423,72.525926,
47.847077,77.320017,72.571811,
48.175603,77.204173,72.765036,
49.257670,77.244313,72.855731,
50.866740,77.291400,72.960749,
51.235837,77.301563,72.985706,
50.514160,77.311573,73.036986,
49.313440,77.267870,73.032824,
49.977653,77.227370,73.139787,
50.074130,77.250740,73.227092,
50.487473,77.210780,73.314384,
51.582123,77.245313,73.451846,
51.300157,77.255363,73.494007,
52.268403,77.265420,73.495340,
51.473607,77.248803,73.585429,
50.651870,77.272907,73.691737,
50.638727,77.229130,73.626310,
52.331667,77.233133,73.766795,
51.732647,77.235863,73.871128,
52.197850,77.252793,73.886573,
52.477190,77.239527,73.930353,
51.559573,77.303230,73.991260,
52.609007,77.286180,74.015855,
50.907893,77.269483,74.030773,
52.549090,77.326780,73.951447,
51.325770,77.363823,73.983155,
51.037433,77.374353,74.003697,
53.189753,77.374307,74.110360,
52.313830,77.439773,74.178269,
52.041370,77.391223,74.221756,
51.520633,77.410917,74.255702,
53.091040,77.427867,74.276567,
54.388637,77.413827,74.378997,
54.342913,77.472733,74.442514,
53.664813,77.503503,74.345219,
53.915857,77.509917,74.351031,
52.868233,77.517117,74.394765,
52.155940,77.503783,74.434140,
52.362997,77.523663,74.461566,
54.467767,77.544203,74.595102,
54.865963,77.536823,74.611480,
54.268063,77.540827,74.652640,
55.789463,77.491863,74.665581,
55.668640,77.508760,74.725915,
54.384023,77.578090,74.743183,
56.068680,77.590997,74.765121,
54.400707,77.594353,74.775098,
54.048463,77.601353,74.774932,
54.520217,77.620780,74.851359,
54.362630,77.577203,74.870517,
54.492510,77.610743,74.869060,
54.548980,77.614153,74.891625,
57.194040,77.628287,74.842881,
55.389933,77.581080,74.764407,
55.377203,77.595027,74.717704,
55.004407,77.550783,74.744790,
54.911607,77.547533,74.777951,
54.561700,77.518090,74.732738,
54.919303,77.564770,74.699441,
54.743190,77.558883,74.830862,
54.781940,77.580953,74.885486,
55.496940,77.554747,74.911606,
56.378747,77.622407,74.976476,
56.429977,77.636027,74.928729,
55.861327,77.646043,74.976602,
56.997053,77.656187,74.966351,
57.786590,77.625277,74.997734,
56.688880,77.635307,75.072060,
57.161943,77.562620,75.020993,
55.130617,77.560037,74.980902,
53.398777,77.616967,74.989271,
52.878350,77.593390,75.005561,
55.734657,77.589987,75.016771,
55.278360,77.536133,74.917811,
54.529820,77.522613,74.926291,
54.551627,77.492190,74.926871,
53.793120,77.448347,74.937682,
53.290467,77.499090,74.848692,
53.078950,77.482253,74.940704,
56.382697,77.461920,74.975934,
56.920273,77.458177,75.004262,
56.766973,77.455020,75.014405,
55.500463,77.491770,75.016831,
54.279537,77.519063,75.062459,
55.204333,77.505630,75.127878,
55.307040,77.505670,75.080654,
55.395103,77.536073,75.164617,
55.940560,77.538430,75.248355,
57.424847,77.512263,75.266396,
56.038543,77.555880,75.247228,
56.642307,77.569340,75.258456,
56.951973,77.549367,75.333475,
57.112843,77.532450,75.313610,
56.403393,77.518930,75.298195,
58.020673,77.535920,75.278603,
57.046353,77.522467,75.287670,
57.896393,77.408520,75.365293,
58.869663,77.468347,75.360863,
57.285827,77.442100,75.339574,
57.519950,77.451090,75.401808,
54.829580,77.513907,75.327731,
57.126237,77.441473,75.393932,
57.926107,77.454993,75.412555,
57.087477,77.487893,75.382933,
57.905967,77.488093,75.432789,
57.419883,77.564203,75.445870,
56.479003,77.570757,75.462472,
56.957610,77.454533,75.556538,
56.339333,77.478697,75.584173,
56.932200,77.468247,75.595759,
57.106457,77.474647,75.611448,
58.183807,77.441887,75.627056,
57.698777,77.485263,75.617801,
55.645707,77.529387,75.586016,
58.349423,77.472243,75.615111,
56.996627,77.570270,75.607987,
57.601210,77.384450,75.588706,
56.878160,77.387647,75.600741,
57.070713,77.404563,75.625439,
58.083680,77.407833,75.652388,
58.186940,77.431603,75.650878,
58.118927,77.464237,75.661509,
57.364043,77.467613,75.635150,
59.055163,77.484423,75.637870,
58.208590,77.429453,75.616786,
58.314617,77.402660,75.570238,
56.683603,77.392943,75.585187,
57.763837,77.406337,75.659564,
57.676200,77.399683,75.621470,
57.674723,77.412943,75.679826,
59.673250,77.420947,75.698719,
59.043557,77.417250,75.737694,
61.419840,77.433513,75.827021,
58.690317,77.497157,75.847507,
57.182980,77.420933,75.799395,
56.838777,77.400780,75.782577,
55.473873,77.387713,75.789935,
57.990593,77.401247,75.795028,
58.208153,77.493707,75.750195,
58.164860,77.516137,75.709053,
57.939597,77.456597,75.743670,
57.384783,77.391157,75.766718,
56.381207,77.370750,75.786618,
58.922500,77.400827,75.884226,
58.657827,77.407700,75.857350,
57.908450,77.432873,75.868174,
59.330220,77.463397,75.860400,
58.782080,77.367527,75.884608,
56.760430,77.384350,75.894291,
56.320433,77.360673,75.887377,
57.773103,77.387773,75.872457,
57.201750,77.381060,75.845274,
56.785353,77.429363,75.897086,
59.035167,77.432633,75.967289,
58.950337,77.426013,75.995721,
59.111900,77.506180,76.015938,
60.150787,77.523730,76.057453,
57.667207,77.506800,76.012553,
58.711673,77.513547,76.052726,
59.479033,77.506707,76.126955,
58.142673,77.517083,76.126791,
57.248260,77.496843,76.080766,
58.567597,77.496723,76.086014,
57.560010,77.477423,76.085919,
58.136777,77.521280,76.068472,
57.988543,77.531677,76.031736,
55.454083,77.462133,76.006979,
57.267007,77.471890,76.047043,
57.948437,77.488147,76.064638,
57.303523,77.465430,76.048831,
55.609590,77.444957,76.024827,
57.956313,77.411457,76.056936,
58.074457,77.451170,76.054198,
58.947227,77.367720,76.016668,
57.228630,77.361153,76.012030,
60.853743,77.390663,76.101153,
60.836527,77.361527,76.101117,
59.211010,77.381273,76.085954,
56.956550,77.367513,76.047507,
60.101127,77.400653,76.082670,
57.081720,77.403997,76.081783,
60.192280,77.426907,76.083076,
58.625870,77.446860,76.115064,
58.313947,77.589950,76.122776,
60.674527,77.530903,76.128127,
58.442067,77.521013,76.077917,
58.874153,77.534300,76.112549,
59.114727,77.564583,76.093293,
59.654803,77.526840,76.119099,
59.137537,77.539733,76.165182,
60.734770,77.549957,76.216865,
60.963230,77.543397,76.228093,
59.662057,77.546780,76.208273,
59.051373,77.560260,76.162616,
58.972190,77.527547,76.164480,
59.422200,77.523890,76.163048,
58.518413,77.561313,76.140872,
60.133400,77.573787,76.131942,
57.502933,77.597437,76.144770,
57.794833,77.617617,76.157570,
57.221347,77.560360,76.132375,
56.735297,77.560313,76.115694,
57.943427,77.540960,76.144809,
58.028317,77.551137,76.162572,
57.565020,77.537897,76.165469,
57.414760,77.520933,76.161281,
56.724820,77.527640,76.136236,
55.411973,77.520827,76.121386,
57.516597,77.520760,76.116901,
57.993330,77.517597,76.116376,
55.602117,77.514300,76.078616,
55.342837,77.524117,76.063152,
56.329203,77.557943,76.133129,
57.889167,77.591843,76.182367,
56.616863,77.550970,76.170625,
58.195573,77.520707,76.220355,
58.909743,77.535100,76.229262,
58.796647,77.511510,76.214904,
58.634863,77.546980,76.251998,
58.654410,77.540140,76.243679,
56.864437,77.518630,76.206805,
59.034403,77.502020,76.271151,
59.361807,77.580807,76.246027,
58.736570,77.511537,76.203117,
59.107137,77.511683,76.190906,
59.285237,77.494547,76.192461,
60.175963,77.553607,76.220322,
60.074290,77.521480,76.227669,
59.724567,77.536623,76.247695,
60.401453,77.547060,76.228354,
62.550403,77.550310,76.277467,
59.857327,77.543630,76.262610,
59.115400,77.606753,76.220863,
58.472863,77.596423,76.221484,
57.752307,77.596483,76.178777,
58.782940,77.600320,76.172079,
59.306970,77.573413,76.152442,
58.203157,77.586827,76.182003,
60.421473,77.556270,76.239550,
60.183063,77.517003,76.253883,
57.709527,77.560993,76.226149,
58.096130,77.547433,76.156160,
58.344407,77.567673,76.137188,
55.368877,77.540413,76.122458,
55.679830,77.557523,76.118522,
54.841207,77.574547,76.178799,
58.277743,77.500647,76.269397,
57.378873,77.513347,76.241023,
59.109163,77.526633,76.236255,
58.349513,77.530237,76.268607,
59.779170,77.543923,76.287163,
58.784213,77.560987,76.242643,
59.777050,77.554073,76.252022,
58.034290,77.530517,76.262252,
58.358857,77.577297,76.283786,
57.635697,77.547373,76.267795,
59.582560,77.567667,76.324759,
58.188980,77.554233,76.298916,
58.935097,77.580553,76.260575,
58.091830,77.580420,76.244284,
57.943077,77.653353,76.183981,
58.581670,77.613907,76.192597,
59.016450,77.593653,76.248748,
58.102940,77.560927,76.278998,
59.745637,77.475467,76.287187,
58.842270,77.448440,76.279675,
58.504873,77.424817,76.309352,
60.448600,77.468613,76.270449,
57.857500,77.438457,76.270651,
62.400940,77.431643,76.300886,
59.984257,77.425103,76.284629,
59.280770,77.398290,76.328549,
61.363190,77.411903,76.350497,
60.803840,77.418330,76.385111,
58.582140,77.430990,76.311018,
57.686613,77.464363,76.291954,
57.859670,77.501620,76.294696,
58.122857,77.461227,76.271237,
57.160890,77.477983,76.283074,
57.627183,77.527967,76.257579,
57.666803,77.462127,76.237952,
58.446097,77.462147,76.265342,
60.119943,77.434720,76.283060,
58.090140,77.498550,76.298064,
58.986193,77.435133,76.312832,
58.939927,77.452070,76.282357,
56.773063,77.461867,76.294055,
56.140967,77.487633,76.230818,
56.907847,77.500913,76.320632,
55.036377,77.534260,76.262862,
56.628527,77.507273,76.281459,
54.760763,77.537390,76.284426,
59.762513,77.593107,76.364038,
59.126167,77.550263,76.355257,
61.439950,77.560753,76.396879,
61.232140,77.601113,76.411554,
59.930590,77.553773,76.335908,
59.256427,77.550237,76.305909,
59.342053,77.574120,76.312700,
57.798533,77.587400,76.322951,
58.360287,77.584083,76.312878,
56.669437,77.553493,76.235529,
58.458473,77.540280,76.283238,
60.003170,77.590117,76.323526,
57.943150,77.596890,76.279849,
57.852703,77.603637,76.257517,
56.610050,77.593573,76.256223,
58.562277,77.630617,76.275109,
57.872117,77.591283,76.286169,
59.132027,77.580947,76.273986,
59.272740,77.630583,76.280438,
58.212330,77.630737,76.274917,
58.950680,77.649717,76.212684,
58.813577,77.632860,76.250845,
58.368900,77.553740,76.251026,
58.827813,77.550397,76.296718,
60.187453,77.547040,76.272694,
58.808870,77.604197,76.248003,
60.559557,77.591283,76.314210,
57.893190,77.628153,76.325700,
57.109587,77.617983,76.306016,
57.784153,77.641020,76.283761,
58.115577,77.675433,76.269810,
58.664930,77.658430,76.288022,
59.248043,77.648147,76.266188,
57.263323,77.604770,76.272900,
58.108090,77.574373,76.279960,
57.799467,77.601207,76.289216,
56.281153,77.597897,76.259107,
55.388853,77.601127,76.210351,
56.272533,77.601200,76.224886,
57.305103,77.611363,76.269144,
56.879150,77.664583,76.282594,
57.057447,77.664717,76.266595,
56.856263,77.594567,76.237716,
57.136093,77.601407,76.260535,
58.726497,77.614920,76.272652,
57.888510,77.618177,76.258659,
58.089233,77.628413,76.290459,
58.855563,77.645230,76.295999,
58.095853,77.758557,76.303957,
59.564687,77.718143,76.357885,
61.103900,77.704597,76.386697,
58.738603,77.660800,76.359043,
58.333657,77.667547,76.399645,
60.145073,77.643797,76.378178,
60.439910,77.637457,76.345592,
59.566240,77.627193,76.301842,
58.475920,77.644303,76.264227,
59.026250,77.641027,76.307982,
57.413213,77.657863,76.327735,
57.416297,77.647460,76.313227,
55.786010,77.636883,76.314084,
59.371677,77.597490,76.376454,
60.838067,77.620933,76.407370,
59.433320,77.633547,76.425707,
59.609857,77.589603,76.444717,
59.781423,77.620273,76.408205,
59.699420,77.620460,76.405680,
58.228627,77.663330,76.414092,
58.103467,77.633887,76.456872,
58.490323,77.653967,76.464994,
60.836050,77.676783,76.512559,
59.362023,77.690317,76.465427,
62.979000,77.690437,76.516378,
59.225333,77.714173,76.454983,
57.068290,77.697563,76.428687,
55.037967,77.724430,76.449986,
58.428757,77.710917,76.461762,
59.215400,77.714247,76.444452,
59.301273,77.657570,76.463921,
57.985040,77.661000,76.493520,
59.854827,77.697770,76.496775,
58.735947,77.701187,76.505925,
59.332913,77.701187,76.491455,
59.279487,77.677697,76.458600,
57.846013,77.667880,76.428070,
57.870183,77.667840,76.456278,
57.708407,77.674233,76.453253,
60.301170,77.667213,76.448285,
60.808023,77.671310,76.482656,
60.075150,77.678183,76.522254,
58.221097,77.681227,76.518440,
60.363713,77.701487,76.526356,
60.531607,77.698043,76.529668,
59.990917,77.670957,76.519924,
60.177633,77.667493,76.549743,
59.160563,77.657657,76.523758,
58.922817,77.644403,76.517781,
59.410130,77.657623,76.526038,
60.706827,77.654587,76.523649,
60.978407,77.682040,76.519745,
60.451833,77.638023,76.500889,
58.492247,77.671623,76.468101,
59.662723,77.661373,76.474594,
59.294903,77.697523,76.476304,
61.747407,77.711143,76.535283,
58.337133,77.711363,76.493596,
56.823020,77.704537,76.421598,
56.982143,77.687980,76.385296,
59.074733,77.711543,76.401505,
57.925677,77.731423,76.361116,
58.638640,77.748393,76.378444,
57.839967,77.735573,76.401779,
58.602310,77.718950,76.443480,
58.618020,77.755173,76.432501,
54.710010,77.758510,76.360941,
57.318497,77.768680,76.406729,
57.719397,77.741507,76.420589,
60.778457,77.748380,76.484850,
59.888593,77.772097,76.493649,
57.902957,77.768713,76.436469,
60.511100,77.768680,76.459048,
60.614690,77.795493,76.475766,
61.402293,77.792370,76.474130,
58.628967,77.778730,76.486585,
58.858800,77.785537,76.488950,
55.919420,77.785723,76.472070,
56.099933,77.782207,76.475883,
59.729937,77.822700,76.564658,
57.843937,77.809060,76.614190,
58.957837,77.849913,76.651555,
60.209930,77.836353,76.690323,
60.152470,77.832990,76.631568,
60.794713,77.826110,76.606806,
57.700877,77.836407,76.583666,
58.407557,77.832523,76.586867,
56.742927,77.846463,76.533639,
57.943067,77.829587,76.561057,
58.383853,77.822800,76.638273,
