-9.600000,21.466667,8.453833,
-5.366667,22.833333,11.098833,
-1.700000,23.733333,12.996833,
0.633333,24.633333,14.385000,
2.500000,24.900000,15.520167,
4.233333,25.166667,16.591500,
4.900000,25.400000,17.375000,
5.700000,25.566667,17.984333,
6.800000,25.700000,18.613833,
8.333333,26.100000,19.175500,
9.200000,26.333333,19.681500,
9.933333,26.533333,20.027333,
10.666667,26.566667,20.401500,
11.466667,26.566667,20.835333,
11.966667,26.700000,21.109000,
12.366667,26.500000,21.401333,
12.933333,26.666667,21.645500,
13.500000,26.933333,21.840500,
14.233333,26.933333,22.060833,
14.533333,27.033333,22.259333,
14.866667,26.933333,22.419667,
14.933333,27.100000,22.578833,
14.966667,27.200000,22.730500,
15.166667,27.233333,22.903833,
15.966667,27.333333,23.036333,
16.233333,27.233333,23.161833,
16.133333,27.366667,23.272333,
16.933333,27.366667,23.381167,
17.000000,27.466667,23.505667,
16.866667,27.433333,23.591500,
17.833333,27.733333,23.708500,
18.000000,27.633333,23.782500,
17.766667,27.633333,23.879667,
17.933333,27.733333,23.964667,
18.200000,27.733333,24.052833,
18.533333,27.800000,24.132667,
18.600000,27.766667,24.198167,
18.633333,27.866667,24.283333,
18.633333,27.900000,24.355000,
18.700000,27.866667,24.428500,
18.766667,27.833333,24.519333,
19.333333,27.966667,24.617667,
18.866667,28.033333,24.667500,
19.300000,28.133333,24.703000,
19.333333,28.066667,24.748167,
19.433333,28.233333,24.803500,
19.633333,28.066667,24.853833,
19.233333,28.100000,24.919500,
19.300000,28.133333,25.000333,
19.766667,28.066667,25.066167,
19.600000,28.166667,25.090500,
19.833333,28.200000,25.136667,
19.333333,28.233333,25.151000,
19.566667,28.233333,25.194667,
19.900000,28.333333,25.255333,
20.233333,28.400000,25.298000,
19.633333,28.366667,25.321500,
19.900000,28.466667,25.377333,
19.800000,28.366667,25.416000,
20.200000,28.266667,25.478833,
20.533333,28.400000,25.546333,
20.666667,28.366667,25.607167,
20.866667,28.500000,25.638333,
20.566667,28.400000,25.661833,
20.533333,28.566667,25.690167,
21.000000,28.500000,25.722167,
20.800000,28.466667,25.709500,
21.000000,28.533333,25.771167,
20.966667,28.433333,25.780667,
20.900000,28.366667,25.828000,
20.833333,28.533333,25.888167,
21.266667,28.600000,25.926167,
21.666667,28.433333,25.959333,
21.366667,28.400000,25.998167,
21.000000,28.633333,26.030333,
21.066667,28.633333,26.050167,
21.400000,28.600000,26.070667,
21.433333,28.566667,26.081667,
21.533333,28.600000,26.117167,
21.400000,28.600000,26.143500,
21.166667,28.633333,26.176667,
21.633333,28.633333,26.213500,
21.166667,28.700000,26.211333,
21.166667,28.800000,26.244833,
21.266667,28.700000,26.255833,
21.533333,28.833333,26.292167,
21.800000,28.833333,26.344833,
21.833333,28.766667,26.363167,
21.266667,28.700000,26.379167,
21.766667,28.833333,26.447500,
21.566667,28.766667,26.488833,
21.633333,28.833333,26.505833,
21.633333,28.866667,26.545500,
21.266667,28.866667,26.550000,
21.866667,28.866667,26.598000,
22.066667,28.966667,26.608833,
22.133333,28.866667,26.619333,
21.933333,28.866667,26.625833,
22.166667,28.900000,26.628167,
22.266667,28.833333,26.617333,
22.000000,28.700000,26.627667,
22.133333,28.966667,26.677833,
22.200000,28.800000,26.685667,
22.333333,28.900000,26.679667,
22.200000,28.866667,26.690833,
22.066667,28.866667,26.711500,
22.166667,28.866667,26.749500,
22.500000,28.833333,26.762833,
22.100000,28.800000,26.793167,
22.533333,28.866667,26.829500,
22.300000,28.866667,26.850833,
22.033333,28.900000,26.883167,
22.166667,28.933333,26.884333,
22.233333,28.933333,26.892500,
22.633333,28.866667,26.910000,
22.833333,28.866667,26.957000,
22.900000,29.000000,26.970500,
22.533333,28.833333,26.982833,
22.833333,28.933333,27.024000,
23.466667,28.966667,27.046833,
23.066667,28.933333,27.059500,
22.866667,28.933333,27.087333,
22.866667,28.933333,27.120833,
22.800000,28.966667,27.135500,
22.733333,28.966667,27.139500,
22.866667,28.933333,27.162833,
22.800000,28.866667,27.180500,
22.500000,28.866667,27.183167,
22.733333,28.866667,27.209000,
22.666667,28.900000,27.216500,
22.666667,28.900000,27.231167,
22.700000,28.900000,27.259167,
22.366667,28.966667,27.289333,
22.733333,28.966667,27.306500,
23.266667,28.966667,27.297667,
23.033333,29.000000,27.319667,
22.833333,29.000000,27.344500,
22.933333,29.000000,27.332333,
23.133333,29.000000,27.348500,
22.966667,29.033333,27.357500,
23.000000,29.033333,27.368000,
22.733333,29.000000,27.344000,
23.133333,29.000000,27.389333,
23.066667,29.000000,27.398500,
23.000000,28.933333,27.386000,
23.000000,29.000000,27.404500,
22.866667,29.000000,27.413000,
22.533333,29.033333,27.419667,
23.333333,28.966667,27.436500,
22.866667,29.033333,27.461167,
22.733333,28.966667,27.480000,
23.100000,28.966667,27.488833,
22.733333,29.066667,27.508833,
22.900000,28.966667,27.517333,
23.033333,29.033333,27.546000,
22.300000,29.033333,27.550500,
22.866667,28.966667,27.546333,
22.766667,29.000000,27.537333,
22.500000,28.933333,27.542500,
22.666667,29.000000,27.572500,
23.133333,28.933333,27.593333,
23.133333,28.966667,27.601667,
23.166667,29.033333,27.608167,
23.233333,29.000000,27.613000,
23.500000,28.966667,27.617000,
23.533333,28.966667,27.630000,
23.133333,28.966667,27.635333,
22.966667,28.966667,27.646333,
23.200000,29.033333,27.651833,
23.133333,28.866667,27.644000,
23.100000,28.966667,27.665833,
23.333333,28.966667,27.671667,
23.666667,29.033333,27.670500,
23.600000,29.000000,27.693667,
23.933333,29.033333,27.723333,
23.600000,29.033333,27.721000,
23.500000,29.033333,27.726000,
23.466667,28.966667,27.735667,
23.400000,29.000000,27.753833,
23.600000,29.000000,27.783833,
23.433333,29.033333,27.813833,
23.433333,29.000000,27.818833,
23.133333,28.966667,27.795000,
23.200000,29.033333,27.797667,
23.466667,29.033333,27.808833,
23.200000,29.066667,27.834333,
23.033333,29.066667,27.828833,
23.466667,29.066667,27.838833,
23.733333,29.033333,27.853000,
23.600000,29.000000,27.874667,
23.600000,29.000000,27.884833,
23.800000,29.033333,27.893500,
23.966667,29.033333,27.909167,
23.333333,29.033333,27.903333,
23.133333,29.033333,27.898000,
23.000000,29.033333,27.895333,
22.900000,29.000000,27.919167,
22.966667,29.000000,27.919333,
23.266667,29.000000,27.923000,
23.200000,29.000000,27.923667,
22.933333,29.000000,27.933500,
23.366667,28.933333,27.951833,
23.366667,29.000000,27.970667,
23.533333,28.966667,27.967167,
23.500000,28.966667,27.966333,
23.533333,29.000000,27.965000,
23.300000,29.033333,27.980333,
23.666667,29.000000,27.999833,
23.300000,29.000000,27.982333,
23.466667,28.933333,27.999167,
23.333333,28.966667,28.004500,
23.966667,29.000000,28.017667,
24.000000,28.966667,28.013833,
23.933333,29.000000,28.019833,
24.133333,28.933333,28.030167,
23.966667,29.033333,28.038000,
24.400000,29.000000,28.053000,
24.000000,29.066667,28.054000,
23.866667,29.100000,28.026500,
24.266667,29.100000,28.035833,
23.633333,29.066667,28.057833,
23.433333,29.066667,28.064667,
23.666667,29.100000,28.073333,
23.400000,29.100000,28.062167,
23.866667,29.100000,28.054000,
23.666667,29.100000,28.067667,
23.766667,29.066667,28.073667,
23.333333,29.100000,28.090500,
23.333333,29.100000,28.073833,
23.733333,29.066667,28.084833,
23.833333,29.133333,28.083667,
24.100000,29.100000,28.102500,
23.866667,29.066667,28.123667,
24.000000,29.066667,28.141667,
23.833333,29.033333,28.151667,
23.800000,29.100000,28.144833,
23.566667,29.000000,28.146000,
23.566667,29.066667,28.155833,
23.633333,29.066667,28.177167,
23.366667,29.066667,28.203000,
23.466667,29.033333,28.224500,
23.766667,29.066667,28.226167,
23.733333,29.000000,28.219333,
23.833333,29.033333,28.218500,
23.733333,29.066667,28.232333,
24.100000,29.033333,28.248500,
24.333333,29.033333,28.239000,
24.200000,29.033333,28.236000,
24.300000,29.033333,28.245167,
24.400000,29.033333,28.232833,
23.900000,29.033333,28.237333,
24.433333,29.033333,28.260833,
24.066667,29.033333,28.260667,
24.133333,29.066667,28.251000,
23.966667,29.033333,28.252667,
23.700000,29.033333,28.249000,
24.133333,29.033333,28.259167,
23.666667,29.033333,28.258833,
23.733333,29.066667,28.262167,
23.866667,29.066667,28.279667,
23.833333,29.066667,28.281167,
23.966667,29.100000,28.272500,
24.000000,29.033333,28.257167,
24.033333,29.100000,28.262000,
24.000000,29.100000,28.293000,
23.766667,29.133333,28.303333,
23.933333,29.100000,28.306000,
23.866667,29.133333,28.304667,
23.633333,29.133333,28.314333,
23.966667,29.100000,28.308333,
24.300000,29.066667,28.326833,
23.866667,29.033333,28.333667,
23.566667,29.066667,28.320500,
23.766667,29.066667,28.317333,
23.633333,29.066667,28.316500,
24.100000,29.033333,28.312000,
23.900000,29.033333,28.305667,
23.866667,29.033333,28.299500,
23.833333,29.033333,28.305500,
24.333333,29.033333,28.318167,
24.366667,29.033333,28.321000,
24.766667,29.033333,28.340333,
24.533333,29.033333,28.345167,
24.700000,29.033333,28.343833,
23.866667,29.033333,28.340333,
23.766667,29.000000,28.347333,
23.933333,29.000000,28.357167,
23.633333,29.000000,28.358333,
24.000000,29.033333,28.364167,
24.000000,29.033333,28.368833,
23.766667,29.033333,28.369000,
24.333333,29.033333,28.386667,
24.200000,29.033333,28.395333,
23.966667,29.033333,28.409000,
23.933333,29.033333,28.404667,
24.200000,29.033333,28.399500,
24.266667,29.033333,28.399167,
24.700000,29.033333,28.393833,
24.366667,29.066667,28.391000,
24.300000,29.033333,28.398000,
24.266667,29.033333,28.412167,
24.500000,29.033333,28.423000,
24.433333,29.033333,28.423500,
24.366667,29.066667,28.427000,
23.800000,29.066667,28.426333,
24.200000,29.100000,28.419333,
24.433333,29.066667,28.416667,
24.733333,29.033333,28.422667,
24.300000,29.033333,28.424167,
24.033333,29.033333,28.436667,
23.700000,29.000000,28.433667,
23.500000,29.033333,28.429167,
23.700000,29.033333,28.415000,
23.733333,29.033333,28.408000,
23.666667,29.000000,28.400833,
23.433333,29.033333,28.396333,
23.666667,29.033333,28.404333,
23.566667,29.033333,28.408667,
23.833333,29.066667,28.411333,
23.966667,29.033333,28.426167,
24.400000,29.033333,28.439333,
24.400000,29.033333,28.446500,
23.866667,29.033333,28.437167,
23.866667,29.033333,28.436167,
23.300000,29.066667,28.436500,
23.733333,29.066667,28.450833,
23.900000,29.033333,28.466667,
24.366667,29.066667,28.468000,
24.466667,29.033333,28.472500,
24.500000,29.033333,28.476167,
24.366667,29.133333,28.466000,
24.533333,29.133333,28.477333,
24.900000,29.100000,28.468167,
24.366667,29.133333,28.459333,
24.166667,29.100000,28.448500,
24.200000,29.100000,28.446833,
24.400000,29.133333,28.452667,
24.133333,29.133333,28.463667,
24.433333,29.133333,28.462167,
24.400000,29.133333,28.460500,
24.633333,29.100000,28.450667,
24.300000,29.133333,28.455000,
24.066667,29.133333,28.452167,
24.100000,29.133333,28.458000,
24.066667,29.166667,28.463000,
24.300000,29.133333,28.464667,
24.366667,29.100000,28.460000,
24.200000,29.100000,28.444833,
24.100000,29.066667,28.465000,
24.133333,29.100000,28.463000,
23.600000,29.166667,28.453500,
23.666667,29.166667,28.443667,
23.800000,29.166667,28.450667,
23.866667,29.133333,28.457667,
23.933333,29.100000,28.456000,
24.233333,29.100000,28.476000,
23.866667,29.100000,28.465000,
23.933333,29.100000,28.470833,
24.300000,29.166667,28.471167,
24.300000,29.166667,28.464667,
24.300000,29.133333,28.471167,
23.900000,29.033333,28.471000,
24.066667,29.000000,28.471833,
24.000000,29.000000,28.458833,
23.866667,29.033333,28.450167,
23.633333,29.033333,28.455667,
23.333333,29.066667,28.448833,
23.333333,29.033333,28.443167,
23.466667,29.033333,28.464667,
23.866667,29.033333,28.489167,
23.466667,29.033333,28.487000,
23.600000,29.033333,28.495333,
23.666667,29.000000,28.488833,
24.166667,29.033333,28.506000,
24.066667,29.033333,28.502333,
24.000000,29.000000,28.504667,
24.200000,29.000000,28.483333,
23.866667,29.066667,28.492333,
23.566667,29.100000,28.488333,
24.133333,29.066667,28.504167,
24.333333,29.066667,28.516333,
24.000000,29.100000,28.511667,
24.066667,29.100000,28.501167,
24.533333,29.100000,28.503167,
24.533333,29.066667,28.514667,
24.833333,29.033333,28.526167,
25.066667,29.100000,28.545000,
24.633333,29.033333,28.558667,
24.733333,29.033333,28.552167,
24.266667,29.033333,28.553000,
24.633333,29.000000,28.561500,
24.266667,29.000000,28.555833,
24.733333,29.000000,28.570667,
24.866667,29.000000,28.567167,
24.433333,29.000000,28.552333,
24.333333,29.000000,28.562667,
24.500000,29.033333,28.569667,
24.633333,29.000000,28.567667,
24.400000,29.000000,28.563833,
24.166667,29.000000,28.557833,
24.066667,29.000000,28.552500,
23.900000,29.000000,28.543500,
23.966667,29.000000,28.562500,
23.800000,29.000000,28.576000,
23.833333,29.000000,28.575833,
24.400000,29.000000,28.587000,
24.400000,29.000000,28.589500,
24.266667,29.000000,28.594167,
23.866667,29.000000,28.590667,
24.133333,29.000000,28.585000,
24.266667,29.000000,28.594333,
24.433333,29.033333,28.604167,
24.066667,29.033333,28.593500,
24.666667,29.000000,28.592667,
24.400000,29.033333,28.594167,
24.333333,29.033333,28.601000,
23.966667,29.000000,28.591333,
24.133333,29.066667,28.580667,
23.933333,29.033333,28.581167,
24.500000,29.033333,28.579833,
24.366667,29.033333,28.578667,
24.233333,29.000000,28.568833,
24.433333,29.000000,28.574833,
24.466667,29.000000,28.586667,
24.400000,29.000000,28.581667,
24.500000,29.000000,28.594000,
24.566667,29.000000,28.603000,
24.333333,29.000000,28.593833,
23.966667,29.000000,28.598000,
24.200000,29.033333,28.592833,
24.133333,29.000000,28.590667,
24.100000,29.000000,28.589833,
24.200000,29.033333,28.601167,
23.800000,29.066667,28.592500,
24.233333,29.033333,28.594000,
24.333333,29.066667,28.594833,
23.700000,29.066667,28.575500,
24.133333,29.033333,28.583000,
24.366667,29.033333,28.596500,
24.633333,29.033333,28.593333,
24.400000,29.000000,28.610833,
24.366667,29.000000,28.602167,
24.000000,29.000000,28.612500,
23.833333,29.000000,28.605000,
24.733333,29.000000,28.610333,
25.200000,29.033333,28.625500,
24.700000,29.033333,28.642667,
24.866667,29.000000,28.646167,
25.066667,29.000000,28.664500,
24.633333,29.000000,28.657333,
24.833333,29.000000,28.658500,
24.300000,29.000000,28.651500,
24.666667,29.000000,28.649167,
24.733333,29.000000,28.634833,
24.700000,29.000000,28.637333,
24.366667,29.000000,28.629667,
24.700000,29.033333,28.637333,
24.633333,29.033333,28.643167,
24.766667,29.033333,28.658167,
24.966667,29.033333,28.675167,
24.600000,29.033333,28.649500,
24.633333,29.033333,28.656500,
24.866667,29.000000,28.675167,
24.800000,29.000000,28.686167,
24.666667,29.033333,28.686667,
23.966667,29.066667,28.661167,
23.733333,29.033333,28.664167,
24.066667,29.000000,28.672333,
23.966667,29.000000,28.675667,
24.266667,29.033333,28.660667,
24.300000,29.000000,28.661000,
24.600000,29.033333,28.661500,
24.200000,29.000000,28.671000,
24.466667,29.000000,28.683167,
24.600000,29.033333,28.689500,
24.433333,29.033333,28.680167,
24.333333,29.000000,28.679000,
24.633333,29.000000,28.689167,
24.600000,29.033333,28.683167,
24.200000,29.033333,28.682000,
24.366667,29.066667,28.691667,
24.300000,29.033333,28.681833,
24.200000,29.000000,28.685000,
24.900000,29.066667,28.692333,
24.700000,29.066667,28.693333,
24.966667,29.066667,28.696500,
24.666667,29.066667,28.702667,
24.666667,29.100000,28.704667,
24.033333,29.100000,28.694667,
24.333333,29.066667,28.703167,
24.266667,29.100000,28.708500,
24.333333,29.066667,28.698833,
24.666667,29.066667,28.698833,
24.600000,29.033333,28.700500,
24.500000,29.033333,28.708000,
24.666667,29.033333,28.705000,
24.666667,29.066667,28.710833,
24.500000,29.066667,28.715000,
25.033333,29.066667,28.735833,
24.433333,29.100000,28.713833,
