0	56.144845	339.878034	183.726338	
1	60.164232	353.458158	192.954919	
2	69.975281	361.168095	203.342298	
3	77.748211	378.200030	212.741518	
4	83.341014	386.103711	221.502671	
5	89.520538	387.487508	231.146382	
6	93.448922	395.686747	238.888491	
7	102.952811	409.640100	246.553862	
8	107.429864	420.598095	253.087755	
9	111.061202	426.221458	260.573170	
10	116.824169	426.006531	268.198053	
11	123.905090	438.052380	274.584904	
12	127.060120	442.855534	280.949381	
13	136.492157	454.757330	286.589828	
14	136.275460	462.989859	292.366422	
15	138.369821	463.907857	297.470213	
16	141.848666	465.915766	303.111293	
17	143.432794	472.528669	307.370034	
18	152.974229	475.320198	313.741285	
19	158.500128	479.567185	320.125838	
20	159.381273	483.528188	325.282600	
21	163.362858	489.334942	330.126687	
22	170.174260	485.669210	335.504333	
23	175.231509	495.478299	342.062473	
24	186.114897	506.580851	347.996165	
25	185.423109	507.935197	352.801960	
26	189.641207	510.215641	356.078713	
27	195.910191	507.952299	359.535151	
28	205.517706	516.578921	363.944884	
29	205.479060	517.691433	367.182986	
30	210.944249	522.714707	371.057464	
31	209.877538	527.701942	374.465702	
32	210.761834	526.963238	378.293576	
33	216.244946	527.771919	381.879101	
34	219.493656	535.672344	385.827714	
35	225.477691	539.513110	389.163267	
36	229.997883	540.204339	392.868863	
37	235.472092	538.522362	396.146851	
38	240.856424	546.715814	399.720515	
39	240.500712	548.294586	402.844574	
40	248.478637	554.572165	405.803744	
41	233.736697	556.517757	409.627184	
42	243.023975	558.371879	412.261395	
43	257.638192	560.210474	415.304483	
44	255.612269	561.891990	418.467021	
45	264.606196	574.219454	422.246948	
46	259.374054	567.931131	425.329599	
47	264.309733	570.954239	427.568924	
48	273.681109	572.652438	430.700558	
49	267.202816	583.144831	434.916931	
50	275.687364	579.126331	438.436404	
51	285.975904	583.221126	443.147925	
52	287.823765	586.227087	445.288841	
53	292.015040	581.913801	447.464976	
54	290.560371	585.018754	450.068487	
55	296.709451	586.578931	452.298891	
56	300.020201	593.808784	454.700935	
57	294.869086	596.855460	457.676189	
58	295.515608	595.191534	460.083960	
59	301.491043	599.149418	463.095910	
60	303.898344	604.045474	465.354015	
61	308.723942	601.638716	468.766494	
62	320.502987	602.565465	471.470084	
63	319.032247	605.119396	474.264676	
64	318.208429	610.176200	477.301213	
65	321.837567	608.501056	478.988931	
66	326.163035	612.648369	481.026806	
67	333.488332	615.273501	482.986431	
68	330.992051	609.988369	485.206766	
69	335.568090	615.996063	487.374094	
70	336.712976	616.652523	489.245850	
71	334.755910	615.997470	490.671615	
72	343.129430	616.697465	492.745155	
73	348.606364	616.765587	493.748162	
74	354.589917	619.765176	495.720509	
75	354.592702	626.240717	498.478432	
76	354.200980	621.769007	499.684259	
77	356.922575	621.319227	501.305834	
78	359.487104	626.846962	503.445112	
79	364.658870	625.843369	505.196524	
80	363.786377	627.415735	508.434244	
81	368.763140	628.567108	510.101055	
82	366.762415	630.150547	511.305006	
83	365.067202	630.772431	512.399596	
84	375.720325	629.949726	513.481501	
85	375.717150	633.321360	515.083317	
86	377.499937	637.643149	517.672592	
87	377.276945	639.421144	520.095847	
88	382.283124	635.690787	521.420246	
89	381.147188	640.135008	523.028340	
90	388.037913	641.802846	524.934476	
91	382.760246	647.247875	526.291110	
92	383.596360	643.496619	527.496644	
93	393.496997	646.239278	529.664218	
94	391.689426	651.699921	531.028465	
95	399.415749	650.764050	532.794805	
96	394.079724	654.126516	533.496511	
97	394.561690	653.676470	535.291775	
98	403.446453	654.765078	537.125631	
99	410.250989	655.837056	538.463390	
100	407.084481	657.198777	539.554977	
101	408.918358	652.738409	541.343759	
102	407.211851	650.834308	542.612419	
103	407.288024	654.421834	543.436645	
104	408.486028	658.774466	544.883250	
105	414.529256	658.656665	547.397990	
106	416.212510	659.030651	549.063431	
107	420.916851	657.520286	550.463648	
108	417.078418	659.863701	552.138296	
109	414.532256	661.285430	554.141009	
110	419.634876	663.336249	555.840107	
111	422.092661	664.179038	557.188280	
112	428.002189	663.659293	558.628637	
113	432.266164	667.767922	561.508294	
114	433.602830	664.585685	562.599220	
115	435.327034	666.591578	564.683499	
116	442.486767	664.967483	566.009641	
117	441.434060	667.877122	567.148667	
118	444.636190	669.019689	568.390462	
119	444.666512	672.010261	569.611569	
120	453.711263	670.533548	570.972036	
121	449.638896	673.224950	571.074217	
122	443.205935	672.930318	571.437951	
123	448.195932	674.016035	572.090539	
124	448.407893	673.752487	573.658200	
125	450.878865	676.888008	575.235705	
126	454.586936	678.802860	575.998262	
127	455.368165	676.432201	577.033207	
128	455.012040	676.774159	578.475105	
129	457.727261	678.496531	579.019374	
130	458.083595	679.440883	579.568836	
131	459.873848	676.560238	581.256334	
132	457.611127	675.937687	582.216716	
133	465.288720	679.070930	583.574660	
134	464.883627	678.656762	583.918971	
135	461.353410	679.866271	585.697466	
136	463.751975	680.591879	586.891615	
137	465.236425	680.267011	588.137960	
138	465.872183	682.237575	589.723460	
139	474.912489	680.833011	590.715178	
140	472.745733	681.943014	591.002757	
141	477.839995	680.635200	592.202993	
142	471.334663	682.336870	592.045960	
143	482.080220	679.935027	592.342863	
144	483.386368	683.146476	593.587463	
145	484.011631	681.004299	593.914612	
146	477.569739	686.034795	594.803982	
147	481.248141	685.360004	595.745186	
148	478.684609	685.765749	596.211529	
149	479.083421	687.837518	596.877446	
150	481.657270	689.181030	598.118092	
151	480.456429	686.726283	598.953854	
152	481.996043	686.513671	599.452372	
153	488.018055	688.036517	599.847104	
154	487.052827	688.924998	601.825355	
155	492.306524	687.642530	602.234506	
156	495.054171	691.426405	604.006949	
157	498.492061	690.935837	604.803264	
158	495.772008	689.201780	605.153101	
159	492.663803	690.965683	606.045148	
160	491.970619	692.610995	607.356413	
161	495.052026	691.998948	607.686378	
162	495.141345	692.695598	608.478550	
163	497.185051	691.196448	610.159143	
164	499.222924	690.176968	610.916984	
165	504.681124	695.584536	612.282797	
166	501.074178	694.297583	613.074757	
167	507.157325	694.586482	613.491294	
168	510.583384	696.981332	614.626302	
169	516.355381	695.165090	615.435121	
170	514.860465	695.109066	616.074096	
171	514.949259	695.789973	617.268775	
172	516.188578	698.962084	617.691906	
173	514.442509	696.948297	618.086287	
174	517.740634	696.763382	618.828951	
175	511.114522	698.076673	618.354525	
176	513.282077	698.095876	619.013055	
177	517.904583	695.655801	619.506987	
178	520.842204	697.222026	620.942763	
179	520.584826	700.204049	621.718222	
180	516.085476	699.238000	621.572786	
181	518.164394	699.028158	622.650897	
182	516.343276	698.478193	623.485268	
183	520.343087	700.262533	624.150683	
184	523.694180	701.670271	625.346211	
185	521.615398	701.734735	626.245942	
186	527.468883	701.102727	627.150420	
187	529.652322	703.400494	628.010328	
188	531.005302	704.573775	627.890913	
189	532.259355	702.655496	629.208030	
190	532.012607	702.443874	629.724413	
191	530.813152	702.037469	630.045660	
192	529.826342	703.482866	629.554737	
193	533.144489	702.397922	629.691783	
194	532.975084	704.924880	629.928780	
195	528.365035	702.383195	630.902352	
196	531.050316	702.539344	631.225981	
197	530.909724	705.302366	632.251210	
198	529.329197	704.769933	632.254735	
199	536.078893	706.256531	632.945293	
200	543.372229	706.491677	633.522613	
201	541.198001	704.676149	634.704226	
202	543.473021	707.906489	635.749735	
203	542.968575	707.865196	636.825456	
204	546.557526	706.293469	637.786619	
205	545.291496	706.748276	638.372218	
206	548.641151	708.578534	639.572649	
207	551.158590	709.422006	640.600447	
208	548.331810	709.314296	641.151472	
209	547.356131	707.606341	642.140311	
210	550.651974	707.696035	642.617319	
211	552.277871	708.127639	643.254658	
212	553.930271	711.112349	644.128460	
213	551.391368	709.445332	644.508541	
214	555.400219	709.107074	644.788730	
215	557.336936	711.767085	645.348670	
216	556.978996	710.828500	645.942542	
217	559.584060	709.865648	646.204885	
218	563.329405	711.634159	646.806116	
219	564.254021	713.458199	647.627430	
220	561.256827	712.188066	648.136989	
221	562.260821	713.006320	648.343494	
222	560.992729	712.651674	648.716251	
223	563.276929	711.398338	648.988168	
224	566.751716	712.036287	649.555347	
225	565.046743	711.673732	649.904846	
226	564.737676	713.481111	650.408736	
227	563.193293	713.062063	650.609058	
228	566.457489	713.020474	650.836025	
229	564.782921	712.923644	651.276237	
230	564.848736	713.600727	652.047504	
231	566.614260	713.821862	652.858642	
232	568.796198	711.131018	652.953079	
233	568.496500	713.689250	653.819366	
234	570.811018	712.210340	654.244364	
235	570.535061	713.133377	654.686491	
236	574.400420	714.287381	655.264197	
237	576.528962	715.642256	655.724583	
238	572.428087	716.272989	656.148850	
239	574.195649	714.529770	656.773486	
240	580.968490	716.291574	657.578281	
241	576.098258	716.116370	658.285159	
242	577.612034	715.660142	658.761329	
243	581.046343	715.235312	658.849971	
244	578.105132	717.293824	658.811116	
245	577.848448	716.938141	659.352833	
246	576.887730	717.091154	659.803958	
247	577.437259	716.058282	659.837669	
248	581.278459	715.584541	659.914229	
249	581.339631	716.004660	660.120369	
250	579.995706	718.043506	660.636086	
251	578.710204	718.227274	661.259185	
252	585.804564	716.805193	661.015724	
253	580.038062	716.009007	660.680159	
254	576.776458	716.849942	661.205140	
255	579.662018	716.286852	660.866476	
256	573.188393	716.220039	661.066531	
257	581.149877	717.052209	661.630556	
258	583.576440	717.094713	661.774034	
259	585.555308	717.474648	662.161785	
260	583.815145	716.629461	662.663544	
261	581.162230	717.150189	662.733661	
262	581.349961	718.152051	663.568996	
263	581.190934	717.772640	663.496447	
264	586.142785	717.325951	664.020337	
265	583.441183	717.814090	664.235070	
266	585.019662	716.218271	664.323360	
267	583.172540	719.227194	664.854106	
268	586.197123	718.625743	665.000962	
269	592.736205	717.627810	665.625665	
270	588.579128	717.111538	665.345108	
271	589.919531	718.486462	665.436932	
272	591.917847	718.586511	665.465542	
273	592.306828	718.509978	666.042511	
274	592.278131	719.520506	665.988179	
275	591.818785	717.544983	666.193379	
276	595.781209	716.566398	665.827957	
277	593.622125	716.939897	666.277233	
278	595.133212	717.780674	666.548694	
279	595.955679	717.886444	667.322245	
280	594.912171	719.271708	668.069175	
281	599.643978	718.776971	668.604899	
282	596.922380	720.335076	669.154696	
283	598.376991	720.259580	669.539239	
284	595.998787	719.443534	669.717214	
285	595.918571	719.099385	670.123747	
286	599.622434	720.031934	670.738830	
287	602.591652	719.132401	671.285437	
288	603.561703	721.013410	671.730827	
289	601.649034	722.112599	672.316104	
290	604.158419	722.004479	672.817824	
291	599.665772	721.572131	673.417566	
292	600.995557	722.816245	673.625115	
293	599.835251	721.310072	673.844843	
294	605.467991	721.725479	674.171925	
295	603.574755	720.474188	674.138724	
296	602.831270	722.171895	674.360420	
297	602.453906	723.098879	675.032843	
298	605.378275	723.904463	674.886086	
299	605.636685	722.368683	675.006008	
300	606.730860	721.005281	675.650021	
301	606.526185	721.936751	676.022852	
302	601.587392	721.843534	675.674742	
303	602.797854	721.670261	675.824910	
304	601.483907	722.061457	676.059344	
305	603.230504	721.389957	676.268808	
306	605.852265	722.073974	676.554550	
307	604.683535	723.264922	676.759614	
308	601.935355	722.842135	677.452002	
309	605.012171	722.035009	677.602462	
310	603.694424	722.035816	677.630209	
311	606.309666	722.560961	677.766431	
312	606.912292	722.815306	677.611864	
313	605.734434	723.302685	677.414557	
314	608.407040	722.869138	677.527003	
315	607.097216	722.277915	677.810420	
316	610.484985	722.604258	677.976011	
317	610.938738	723.751656	678.296971	
318	610.713718	722.394900	678.750224	
319	611.671298	722.455157	678.880620	
320	613.346708	724.243466	679.305745	
321	614.260579	721.978860	679.443428	
322	612.788895	723.001254	679.486776	
323	612.800085	722.569644	679.135863	
324	615.265482	721.645428	679.027610	
325	616.093699	721.495323	678.849990	
326	618.054784	722.063502	679.078196	
327	617.583617	721.276885	678.996240	
328	616.709541	723.648706	679.224346	
329	615.722429	722.978628	679.613462	
330	611.080252	721.032124	679.992543	
331	614.685542	721.211669	680.094109	
332	615.953692	721.754232	680.102605	
333	617.591641	720.854622	680.183129	
334	619.315661	722.182350	680.473190	
335	617.868753	722.404581	680.792257	
336	620.789861	723.958091	681.233464	
337	618.503813	722.137632	681.498832	
338	616.616643	722.142991	681.860181	
339	615.742293	722.336771	682.125966	
340	616.575584	721.988137	682.406105	
341	618.472106	722.061324	682.275837	
342	620.422064	723.041701	682.597701	
343	620.532505	722.764210	682.739355	
344	621.561543	721.834548	682.960870	
345	620.356035	722.458957	683.109502	
346	622.176924	723.846016	683.093389	
347	626.466269	723.302196	683.018102	
348	622.522429	723.603439	682.853485	
349	621.070321	722.358821	682.644981	
350	619.619558	723.040640	682.973777	
351	624.559039	722.825027	683.110384	
352	622.913527	724.223684	683.633489	
353	621.485727	724.268029	683.675670	
354	622.169183	723.518652	683.858106	
355	621.387900	724.541987	684.046966	
356	621.183713	724.658197	684.511647	
357	625.695856	725.103776	684.903833	
358	626.669824	724.264458	685.156264	
359	623.884239	723.296939	685.017118	
360	620.445948	724.045925	685.110530	
361	620.795157	723.646482	685.236563	
362	620.918399	725.077637	684.976377	
363	621.398514	725.929099	684.917754	
364	620.676947	723.671708	685.073704	
365	619.881120	724.180538	685.253428	
366	620.489821	723.972287	685.532145	
367	621.182586	726.143971	685.609602	
368	618.666155	725.784682	686.021590	
369	617.633663	726.015017	685.936421	
370	623.989877	724.509932	686.038560	
371	623.277396	726.630156	686.920095	
372	623.615931	725.695343	686.739870	
373	624.838043	725.980013	687.051890	
374	626.622686	725.190880	687.142616	
375	624.141296	725.409185	687.400581	
376	624.673346	726.489929	687.369239	
377	624.186852	725.442343	687.570915	
378	625.429380	725.375016	687.965155	
379	625.100066	725.271737	687.893087	
380	622.437665	725.872454	688.326463	
381	625.215080	726.113500	688.455276	
382	624.645892	726.404750	688.599191	
383	624.073158	726.886209	688.953016	
384	627.841683	725.859165	689.327351	
385	624.760656	725.647182	689.216790	
386	626.280475	727.635087	689.880685	
387	629.751741	727.177461	689.692359	
388	632.233510	725.743983	689.776474	
389	629.911103	727.409776	689.920234	
390	629.166285	725.988325	690.161231	
391	631.068792	726.271869	690.539047	
392	633.402117	726.187242	690.193805	
393	630.363506	725.240976	690.427443	
394	631.314869	726.610604	690.398421	
395	632.550351	725.385404	690.606054	
396	632.329392	726.890154	690.871807	
397	635.506120	724.577517	690.721406	
398	630.369882	724.694872	690.922719	
399	632.363035	725.889394	691.145581	
400	631.499260	725.299027	691.257499	
401	633.570636	725.726092	691.750113	
402	636.891444	726.952946	691.731596	
403	631.169063	726.900958	692.017395	
404	632.164836	724.793275	691.996429	
405	633.841578	727.626415	692.355843	
406	629.189903	727.213834	692.422695	
407	632.488933	727.613477	692.479711	
408	634.583413	726.402965	692.606693	
409	631.528303	727.700877	692.902292	
410	636.032472	727.031206	692.995664	
411	635.736312	727.103415	693.224348	
412	634.190183	726.765110	693.024309	
413	630.213671	728.347250	693.379197	
414	631.475342	727.000766	693.467171	
415	632.595540	728.290181	693.368411	
416	633.683973	727.630814	693.400009	
417	635.089190	727.749650	693.660268	
418	637.846444	728.538761	693.810467	
419	633.469689	727.886860	693.628860	
420	634.074574	728.175372	694.014689	
421	631.958172	726.322374	693.869608	
422	634.361106	727.411738	694.072328	
423	631.193277	727.319552	694.064031	
424	632.702593	727.633639	693.914808	
425	634.588665	726.652726	694.178136	
426	631.970553	728.094852	694.240143	
427	631.312560	728.482306	694.290483	
428	632.669556	727.885442	694.666647	
429	631.738372	728.532832	694.654119	
430	634.067201	728.131939	694.771965	
431	633.200673	728.397638	694.807854	
432	632.965943	728.329898	694.461682	
433	634.794287	727.978795	694.805882	
434	634.201324	727.763503	694.872819	
435	632.983490	726.815905	694.697659	
436	635.048455	727.713619	694.930426	
437	635.200481	727.515802	695.161156	
438	632.869499	726.777716	694.683396	
439	634.914219	727.494536	694.867960	
440	633.949902	727.860601	694.430820	
441	634.547298	728.104978	694.747275	
442	633.658116	727.550230	694.885086	
443	632.650213	728.096105	694.819604	
444	632.401626	727.898612	694.723125	
445	635.722364	726.938387	694.435171	
446	633.657033	728.084918	694.449852	
447	635.158393	726.952755	694.704597	
448	633.037088	727.074951	695.167181	
449	633.300201	727.008491	695.042368	
450	629.715625	727.124806	694.822956	
451	634.881212	727.711020	695.380616	
452	634.433567	728.230454	695.573142	
453	633.506285	727.389347	695.689900	
454	635.415553	728.395993	695.704665	
455	637.000183	728.141888	695.828108	
456	636.375052	727.537371	695.971448	
457	634.889308	727.233944	695.994546	
458	636.892708	728.813528	696.206566	
459	634.846243	727.466018	696.256320	
460	637.882611	727.450796	696.304466	
461	638.813376	728.629561	696.593810	
462	640.292401	728.259503	696.929873	
463	641.278171	728.343422	697.102424	
464	640.765266	729.015271	697.271893	
465	639.734828	727.275184	696.951373	
466	639.913077	728.252041	697.105053	
467	638.391838	727.492527	697.234696	
468	639.858974	728.178513	697.353940	
469	640.099632	728.556594	697.510265	
470	640.189493	728.271471	697.867905	
471	643.129962	728.198182	698.033037	
472	645.274197	728.021987	698.201387	
473	648.179809	727.629890	698.097809	
474	645.176020	728.726281	698.253215	
475	646.927521	729.032672	698.554461	
476	649.780658	728.875209	698.507943	
477	647.491763	728.009613	698.559515	
478	644.899243	728.445648	698.571665	
479	647.951986	727.064670	698.588097	
480	647.995263	727.883372	698.831478	
481	642.663595	728.206792	698.544560	
482	643.096863	728.462245	698.796066	
483	640.644395	729.339218	698.703470	
484	642.445373	726.923115	698.901263	
485	643.856323	727.847463	698.676462	
486	644.446704	728.424708	698.583556	
487	644.684516	727.569529	698.664393	
488	642.300123	727.280842	698.809320	
489	641.442198	728.401020	698.494550	
490	643.203496	727.863647	698.601977	
491	639.578574	727.667640	698.645381	
492	639.843713	727.603512	698.707648	
493	638.188393	728.001293	698.505139	
494	638.121099	727.925078	698.562063	
495	639.951533	727.389915	698.881102	
496	638.286804	728.371585	698.618101	
497	637.450277	727.429256	698.832113	
498	639.546994	728.566017	698.819655	
499	641.832874	728.490540	699.017031	
