0	9.795766	3404.497097	1341.907505	
1	81.695506	3551.206737	1959.653590	
2	194.113946	3646.248637	2323.711040	
3	360.594903	3682.457147	2537.837898	
4	419.527786	3693.370045	2685.885408	
5	360.248983	3703.219228	2778.997044	
6	409.341487	3718.232925	2859.383901	
7	463.752080	3731.234390	2934.376582	
8	396.514274	3752.323253	2998.257366	
9	642.113717	3760.461003	3054.985672	
10	669.039460	3769.887100	3112.907397	
11	596.869031	3785.987826	3148.162080	
12	690.256425	3782.098041	3190.032774	
13	651.994454	3782.461200	3223.699713	
14	559.295447	3786.151675	3247.139410	
15	481.984482	3787.674229	3274.081622	
16	643.606998	3794.089128	3289.653648	
17	713.835886	3792.436938	3317.318930	
18	711.157878	3793.688811	3341.533319	
19	700.608655	3791.709124	3353.867229	
20	571.423658	3794.940856	3370.460038	
21	781.170399	3796.221449	3388.675714	
22	748.631684	3795.747367	3403.532119	
23	641.094665	3796.186648	3413.130036	
24	761.485030	3797.703062	3433.762281	
25	812.999739	3805.098726	3450.803325	
26	849.095983	3801.529779	3463.179290	
27	813.360925	3801.000209	3463.212377	
28	805.337359	3803.829509	3485.242658	
29	806.988689	3805.522248	3488.732482	
30	770.492103	3810.168441	3489.036773	
31	812.624860	3811.721171	3512.007678	
32	862.020914	3806.997486	3520.282855	
33	750.644603	3800.388479	3523.347070	
34	779.459555	3804.614923	3531.931933	
35	746.649400	3807.299511	3537.106811	
36	859.567864	3808.769891	3549.275905	
37	900.082383	3806.679625	3561.189791	
38	888.744487	3815.642420	3567.848559	
39	873.723582	3814.800430	3569.813705	
40	878.327222	3811.911969	3582.733328	
41	864.204651	3814.582836	3588.952555	
42	885.893418	3813.346026	3598.109488	
43	898.087582	3818.808284	3604.234992	
44	871.113623	3822.911940	3607.660398	
45	887.679211	3827.675037	3616.638020	
46	904.202978	3826.845516	3623.706004	
47	833.863306	3827.745874	3624.010853	
48	843.251498	3827.857527	3631.117841	
49	930.972115	3828.309287	3635.398832	
50	951.369589	3829.811981	3641.986287	
51	888.211523	3831.847180	3643.542274	
52	853.095712	3827.570650	3650.455317	
53	899.405668	3827.513902	3652.133670	
54	889.772056	3830.877568	3649.920335	
55	933.731375	3825.035805	3654.138739	
56	951.009911	3825.338583	3656.742883	
57	889.307880	3825.171649	3658.234332	
58	930.561845	3822.970584	3666.754235	
59	953.497215	3824.969182	3671.223261	
60	912.903243	3821.569325	3674.245600	
61	947.151863	3819.118341	3671.285000	
62	914.948149	3820.937449	3670.910251	
63	876.218697	3818.803105	3676.912377	
64	974.587918	3820.784470	3685.922210	
65	935.578311	3820.617861	3685.606691	
66	935.023378	3819.272351	3686.970288	
67	975.940404	3816.053947	3690.989425	
68	933.625962	3814.793363	3687.885768	
69	914.337179	3815.670089	3687.136941	
70	936.772262	3814.246599	3694.938064	
71	954.984143	3812.134371	3695.156084	
72	954.880916	3817.184399	3699.703507	
73	973.623259	3815.668604	3702.998524	
74	937.782781	3815.982830	3701.337811	
75	957.019324	3815.038511	3702.761852	
76	979.878201	3814.359563	3706.817658	
77	976.071827	3813.856291	3705.528370	
78	955.230812	3816.429827	3703.899095	
79	963.459188	3817.019616	3706.920637	
80	957.716801	3818.022591	3707.604874	
81	953.177976	3818.832291	3710.917090	
82	979.995777	3820.021466	3714.432023	
83	940.841852	3817.810464	3714.048133	
84	960.908303	3815.571479	3716.008996	
85	994.290455	3816.021859	3715.892198	
86	977.178303	3815.364952	3714.152973	
87	980.538866	3815.766347	3717.289617	
88	977.549930	3815.286222	3719.014320	
89	957.581491	3816.210176	3718.638085	
90	956.052019	3814.928711	3718.048012	
91	956.923527	3816.902828	3719.518567	
92	960.328155	3816.828820	3717.603874	
93	957.653576	3818.272097	3722.259921	
94	960.897327	3815.383059	3719.548198	
95	939.625297	3814.564169	3720.732610	
96	979.982633	3813.747082	3727.644969	
97	978.383822	3814.623015	3726.242823	
98	979.151564	3813.589197	3724.651935	
99	958.178897	3815.068725	3726.444181	
100	941.077423	3813.782087	3725.110292	
101	941.061449	3812.913012	3726.486697	
102	997.761009	3813.705635	3732.135494	
103	980.588097	3813.060436	3729.630290	
104	999.203486	3814.591717	3733.158970	
105	940.268228	3814.734411	3731.173912	
106	960.520628	3815.961535	3730.463193	
107	959.938411	3815.394915	3730.823694	
108	978.029925	3814.954645	3733.382259	
109	979.315686	3814.913136	3734.868770	
110	998.667520	3815.035001	3737.139936	
111	998.667520	3814.375901	3736.301135	
112	998.858800	3813.846040	3738.426881	
113	978.016652	3813.988878	3738.847233	
114	959.524261	3814.167445	3738.411077	
115	959.074900	3814.058653	3740.829517	
116	979.807813	3813.930237	3741.679692	
117	996.552373	3814.803282	3741.999896	
118	979.168594	3814.470087	3743.242563	
119	1000.000000	3813.757405	3745.747374	
120	979.948078	3813.753829	3745.252517	
121	998.959413	3813.545784	3746.708366	
122	998.993264	3813.626881	3748.547909	
123	998.580748	3812.631011	3748.708734	
124	979.102952	3813.534122	3745.803330	
125	996.552373	3813.993116	3748.395373	
126	998.993264	3813.910380	3749.083443	
127	980.648165	3813.504944	3748.229290	
128	980.640783	3813.166898	3748.587348	
129	940.363195	3813.002001	3744.793093	
130	979.856119	3812.553643	3746.243377	
131	998.652011	3813.544350	3748.157341	
132	978.315364	3813.547981	3746.552710	
133	980.423691	3813.758348	3748.763376	
134	980.198856	3814.123279	3749.596239	
135	980.422724	3814.042001	3751.813860	
136	960.177450	3813.669563	3747.812689	
137	979.807813	3813.917964	3750.070227	
138	980.324436	3814.087852	3747.886167	
139	979.854525	3813.899801	3749.289353	
140	999.918808	3812.322982	3753.006362	
141	999.918808	3811.393190	3753.921131	
142	979.807813	3812.629041	3752.828931	
143	999.964408	3813.119484	3754.683008	
144	1000.000000	3813.701174	3756.391091	
145	1000.000000	3813.580035	3757.291381	
146	977.627382	3813.578525	3756.744069	
147	1000.000000	3812.745207	3758.090731	
148	1000.000000	3812.784776	3758.812483	
149	1000.000000	3812.447577	3758.686064	
150	1000.000000	3813.401219	3759.311558	
151	1000.000000	3812.640465	3758.113817	
152	1000.000000	3812.398574	3759.648529	
153	980.504271	3812.234872	3760.354691	
154	1000.000000	3812.232103	3761.070608	
155	979.807813	3812.232103	3759.226207	
156	979.807813	3812.732848	3758.573699	
157	998.546626	3813.479239	3760.530663	
158	979.807813	3811.472420	3761.061965	
159	979.807813	3811.860361	3760.695340	
160	1000.000000	3812.921023	3761.840506	
161	1000.000000	3811.320650	3761.491779	
162	997.551121	3809.770504	3760.213248	
163	999.964408	3809.481566	3760.841204	
164	999.918808	3811.154513	3761.229685	
165	1000.000000	3810.426084	3761.095628	
166	1000.000000	3810.632482	3761.264039	
167	1000.000000	3810.342106	3762.856839	
168	999.964408	3809.074294	3762.691128	
169	979.867985	3809.036102	3762.094535	
170	1000.000000	3809.288940	3763.960815	
171	1000.000000	3808.872279	3763.634809	
172	979.854525	3809.286251	3763.237931	
173	1000.000000	3809.501236	3764.248518	
174	1000.000000	3809.629298	3764.844436	
175	999.918808	3809.859234	3764.757411	
176	997.050275	3810.186068	3764.515866	
177	1000.000000	3810.476671	3764.535362	
178	1000.000000	3809.420469	3764.815372	
179	1000.000000	3809.883642	3765.210031	
180	959.665731	3809.631308	3764.342860	
181	1000.000000	3809.672784	3766.262653	
182	997.551121	3809.590165	3765.740478	
183	997.592960	3809.178230	3766.034460	
184	1000.000000	3808.922444	3766.828654	
185	979.856119	3809.556834	3766.719388	
186	979.807813	3811.103249	3766.310418	
187	1000.000000	3810.689863	3767.301131	
188	1000.000000	3810.678065	3767.830025	
189	1000.000000	3810.557286	3767.650902	
190	1000.000000	3811.132334	3766.049958	
191	979.856119	3810.842293	3764.968374	
192	1000.000000	3811.087437	3766.338514	
193	979.807707	3811.045838	3766.473724	
194	1000.000000	3810.590197	3767.679484	
195	979.807813	3809.154552	3766.098885	
196	960.286952	3808.819120	3766.421840	
197	960.341431	3808.819120	3766.831904	
198	1000.000000	3808.984237	3768.043792	
199	999.243551	3808.897620	3767.798769	
200	979.854525	3807.897050	3766.064831	
201	977.758425	3807.131959	3764.070358	
202	979.807707	3804.940439	3766.205523	
203	997.551121	3805.110988	3766.485771	
204	997.551121	3804.778929	3765.774865	
205	997.551121	3805.069110	3764.959442	
206	997.551121	3805.152126	3764.510202	
207	979.807813	3805.321582	3766.602872	
208	997.551121	3805.069982	3766.706278	
209	979.807707	3804.861046	3766.446867	
210	997.592960	3804.862610	3766.922886	
211	997.592960	3804.904209	3765.400188	
212	1000.000000	3805.158336	3768.187725	
213	997.551121	3804.987264	3767.565881	
214	979.807813	3805.156720	3768.099698	
215	979.807707	3806.438051	3767.405283	
216	979.807707	3804.858784	3767.710465	
217	997.592960	3804.659343	3769.207166	
218	997.592960	3804.782853	3768.557143	
219	1000.000000	3803.355331	3770.327911	
220	997.551121	3803.511197	3767.834210	
221	979.854525	3804.019196	3770.551749	
222	979.854525	3804.189857	3770.164867	
223	1000.000000	3803.935424	3771.847041	
224	997.551121	3803.776354	3772.633910	
225	979.807813	3803.693299	3771.726872	
226	979.812579	3803.445127	3770.762439	
227	997.657305	3803.445127	3769.939684	
228	979.807813	3803.445127	3769.418690	
229	1000.000000	3803.445127	3773.845786	
230	979.807707	3803.445127	3771.450632	
231	979.807707	3803.527957	3773.867720	
232	980.013764	3803.487425	3772.611589	
233	979.807707	3803.363915	3771.399244	
234	979.807707	3802.207860	3772.209589	
235	979.807707	3802.079816	3770.422724	
236	997.551121	3802.244802	3772.035770	
237	999.964408	3802.327027	3772.571294	
238	997.551121	3802.327027	3772.850152	
239	979.807707	3802.244802	3770.910614	
240	979.807707	3802.203326	3772.257819	
241	997.551121	3801.834118	3773.085593	
242	979.807707	3802.082239	3771.919804	
243	979.854525	3802.041714	3771.061775	
244	979.854525	3802.041714	3769.089132	
245	979.807707	3801.710764	3769.833810	
246	979.807707	3801.258431	3768.791498	
247	997.551121	3801.548968	3771.124827	
248	980.013764	3801.548968	3772.070141	
249	1000.000000	3801.548968	3772.907175	
250	997.551121	3801.669161	3771.324060	
251	997.592960	3801.749840	3772.946202	
252	979.854525	3801.832669	3771.629736	
253	997.551121	3801.419098	3772.391979	
254	979.807707	3801.419098	3772.842557	
255	979.807707	3801.419098	3772.902812	
256	979.807707	3801.419098	3773.205678	
257	979.807707	3801.665614	3772.610711	
258	997.551121	3801.582784	3772.530458	
259	979.854525	3800.922249	3772.320035	
260	979.854525	3800.755894	3772.707342	
261	979.807707	3800.676271	3774.728030	
262	979.854525	3800.755894	3774.681035	
263	979.807707	3805.610214	3773.007912	
264	979.807707	3805.610214	3773.310904	
265	999.964408	3805.610214	3776.192564	
266	979.807707	3806.270750	3776.917559	
267	979.807707	3806.311403	3775.253177	
268	1000.000000	3800.796547	3777.635088	
269	1000.000000	3800.963657	3777.442583	
270	979.807707	3800.552526	3773.802230	
271	997.551121	3801.503161	3775.978550	
272	999.964408	3801.503161	3777.599813	
273	979.854525	3801.420988	3778.119365	
274	997.592960	3801.420988	3778.812990	
275	997.592960	3801.542963	3779.797957	
276	979.807707	3801.871704	3780.647649	
277	979.807707	3801.542963	3777.448398	
278	979.854525	3801.871009	3776.487184	
279	997.551121	3801.708569	3778.823070	
280	997.551121	3801.786732	3781.206315	
281	979.807813	3801.703954	3779.372625	
282	979.807707	3801.703954	3780.726588	
283	979.856119	3801.872308	3782.944603	
284	1000.000000	3801.872308	3784.315494	
285	1000.000000	3801.789479	3783.471180	
286	979.807707	3801.789479	3782.695341	
287	1000.000000	3801.872135	3784.127090	
288	979.856119	3801.789358	3782.919450	
289	1000.000000	3801.789358	3784.408638	
290	997.551121	3801.747880	3783.133453	
291	1000.000000	3801.499708	3784.526880	
292	1000.000000	3801.743825	3785.354780	
293	1000.000000	3801.743825	3786.259838	
294	1000.000000	3801.420741	3787.467781	
295	979.807707	3801.420741	3787.077953	
296	999.964408	3801.420741	3787.024806	
297	1000.000000	3801.913487	3787.223152	
298	1000.000000	3803.365641	3786.968668	
299	1000.000000	3803.365641	3786.971882	
300	1000.000000	3802.080542	3787.220644	
301	1000.000000	3802.080542	3787.919692	
302	1000.000000	3801.833863	3788.135297	
303	998.517481	3801.502914	3787.761652	
304	1000.000000	3800.672222	3788.429321	
305	1000.000000	3801.249346	3788.497952	
306	1000.000000	3802.930295	3788.749297	
307	1000.000000	3802.971773	3788.495270	
308	1000.000000	3803.018412	3788.423487	
309	1000.000000	3808.278861	3788.994298	
310	1000.000000	3806.756986	3788.779843	
311	1000.000000	3806.924683	3788.771215	
312	1000.000000	3806.761885	3789.127998	
313	1000.000000	3806.385544	3789.329838	
314	1000.000000	3806.302715	3789.054006	
315	1000.000000	3806.302715	3789.374526	
316	1000.000000	3806.302715	3789.481236	
317	1000.000000	3806.845894	3789.683926	
318	1000.000000	3806.636200	3789.843031	
319	1000.000000	3807.273631	3789.977894	
320	1000.000000	3807.274709	3789.884222	
321	1000.000000	3807.274709	3789.755080	
322	1000.000000	3806.528737	3789.842029	
323	1000.000000	3806.528737	3789.874652	
324	1000.000000	3806.609832	3790.003684	
325	1000.000000	3806.609832	3789.776572	
326	1000.000000	3806.364070	3788.976793	
327	1000.000000	3807.027869	3789.939775	
328	1000.000000	3806.197232	3789.972108	
329	1000.000000	3806.488378	3789.963523	
330	1000.000000	3801.850456	3789.859841	
331	1000.000000	3801.348453	3789.998262	
332	1000.000000	3801.186657	3790.191158	
333	1000.000000	3801.808978	3790.243572	
334	1000.000000	3801.145179	3790.103906	
335	1000.000000	3801.145179	3790.182916	
336	980.314991	3801.018902	3789.757092	
337	1000.000000	3801.185540	3790.259836	
338	1000.000000	3801.725849	3790.418893	
339	1000.000000	3801.158933	3790.348562	
340	1000.000000	3801.241106	3790.552875	
341	1000.000000	3800.929325	3790.599626	
342	1000.000000	3800.603674	3790.512894	
343	1000.000000	3800.603674	3790.356003	
344	1000.000000	3800.603674	3790.028577	
345	1000.000000	3800.603674	3790.280499	
346	1000.000000	3800.603674	3790.836584	
347	1000.000000	3800.603674	3790.605307	
348	1000.000000	3800.603674	3790.613677	
349	1000.000000	3800.603674	3790.717466	
350	1000.000000	3800.603674	3790.626205	
351	1000.000000	3800.603674	3790.663405	
352	1000.000000	3800.768341	3790.536307	
353	1000.000000	3800.768341	3790.325176	
354	1000.000000	3800.768341	3790.178464	
355	1000.000000	3800.768341	3790.173962	
356	1000.000000	3800.768341	3790.301521	
357	1000.000000	3800.728938	3790.349082	
358	1000.000000	3800.811994	3790.208416	
359	1000.000000	3800.770290	3790.368697	
360	1000.000000	3800.026925	3790.347189	
361	1000.000000	3800.522793	3790.123352	
362	997.908964	3800.522793	3789.434651	
363	997.908964	3800.191843	3789.122986	
364	1000.000000	3800.191843	3789.764554	
365	1000.000000	3800.191843	3789.802816	
366	1000.000000	3799.774134	3789.889034	
367	1000.000000	3799.774134	3790.147247	
368	1000.000000	3799.861650	3790.162970	
369	1000.000000	3799.861650	3790.417379	
370	1000.000000	3799.526114	3790.359167	
371	1000.000000	3799.526114	3790.678747	
372	1000.000000	3799.443941	3790.866374	
373	1000.000000	3799.526771	3790.750160	
374	1000.000000	3798.942525	3790.956296	
375	1000.000000	3799.107192	3791.251112	
376	1000.000000	3799.107192	3791.348976	
377	1000.000000	3798.942525	3791.351129	
378	1000.000000	3798.942525	3791.351360	
379	1000.000000	3799.154754	3791.483155	
380	1000.000000	3799.237584	3791.300748	
381	1000.000000	3799.154754	3791.289373	
382	997.572140	3798.819218	3790.696119	
383	1000.000000	3798.819218	3791.342797	
384	1000.000000	3798.819218	3791.174847	
385	1000.000000	3799.822397	3791.283337	
386	980.539286	3799.150168	3790.664302	
387	1000.000000	3799.314835	3791.204971	
388	1000.000000	3798.669611	3791.338978	
389	1000.000000	3798.545217	3791.395931	
390	1000.000000	3798.545217	3791.282119	
391	1000.000000	3798.545217	3791.417709	
392	1000.000000	3798.545217	3791.435158	
393	1000.000000	3798.868953	3791.435878	
394	1000.000000	3798.380550	3791.518711	
395	1000.000000	3798.704286	3791.385252	
396	1000.000000	3798.373336	3791.398321	
397	997.203691	3798.704286	3790.387234	
398	1000.000000	3798.874575	3790.848448	
399	1000.000000	3799.212286	3791.226775	
400	1000.000000	3798.718261	3791.203280	
401	1000.000000	3798.711048	3790.930278	
402	1000.000000	3798.875715	3791.298367	
403	997.964330	3798.551979	3790.953182	
404	997.964330	3798.551979	3790.895420	
405	997.964330	3798.551979	3790.760387	
406	997.964330	3798.220247	3790.775422	
407	1000.000000	3798.386530	3791.105508	
408	1000.000000	3798.386530	3791.058269	
409	1000.000000	3798.386530	3790.948025	
410	1000.000000	3798.345379	3791.212543	
411	1000.000000	3798.345379	3791.209791	
412	1000.000000	3798.345379	3790.943247	
413	1000.000000	3798.345379	3791.187100	
414	1000.000000	3798.345379	3791.148854	
415	1000.000000	3798.014430	3791.142642	
416	1000.000000	3798.014430	3791.204664	
417	1000.000000	3798.014430	3791.138664	
418	1000.000000	3798.014430	3791.312082	
419	1000.000000	3798.345379	3791.198662	
420	1000.000000	3797.353894	3791.390412	
421	1000.000000	3798.014430	3791.653216	
422	1000.000000	3798.014430	3791.570375	
423	1000.000000	3797.972979	3791.566355	
424	1000.000000	3798.304456	3791.614776	
425	1000.000000	3797.972979	3791.614254	
426	1000.000000	3797.972979	3791.656033	
427	1000.000000	3797.972979	3791.737802	
428	1000.000000	3797.966217	3791.854132	
429	1000.000000	3797.966217	3791.898613	
430	1000.000000	3798.007367	3791.632040	
431	1000.000000	3798.660049	3791.301618	
432	1000.000000	3797.966217	3790.771615	
433	1000.000000	3797.966217	3791.180619	
434	1000.000000	3797.966217	3791.178324	
435	1000.000000	3797.966217	3790.479694	
436	1000.000000	3797.966217	3791.095640	
437	1000.000000	3798.007367	3791.521218	
438	979.688917	3798.007367	3791.194725	
439	1000.000000	3797.925410	3791.670508	
440	1000.000000	3797.924739	3792.015050	
441	1000.000000	3797.924739	3792.079718	
442	1000.000000	3797.883589	3792.034622	
443	1000.000000	3797.924739	3791.866663	
444	1000.000000	3797.801632	3791.964164	
445	1000.000000	3797.970829	3791.801328	
446	1000.000000	3797.801632	3791.936102	
447	1000.000000	3797.879253	3791.791481	
448	1000.000000	3797.717463	3791.661696	
449	1000.000000	3798.389693	3791.833670	
450	1000.000000	3798.430843	3791.685110	
451	1000.000000	3798.430843	3791.945093	
452	1000.000000	3798.430843	3792.039806	
453	1000.000000	3798.430843	3792.138667	
454	1000.000000	3798.430843	3792.181060	
455	1000.000000	3798.430843	3792.207669	
456	1000.000000	3798.430843	3792.118278	
457	1000.000000	3798.430843	3792.113399	
458	997.203691	3798.430843	3791.638401	
459	1000.000000	3798.430843	3792.006444	
460	1000.000000	3798.430843	3792.261814	
461	1000.000000	3798.430843	3792.273302	
462	1000.000000	3798.430843	3792.105471	
463	1000.000000	3798.430843	3791.911760	
464	1000.000000	3798.430843	3791.891221	
465	1000.000000	3798.430843	3792.254841	
466	1000.000000	3798.430843	3792.177501	
467	1000.000000	3798.430843	3791.993286	
468	1000.000000	3798.430843	3792.276815	
469	1000.000000	3797.770307	3792.271054	
470	1000.000000	3798.430843	3792.267967	
471	996.811971	3798.430843	3791.951150	
472	1000.000000	3798.430843	3792.291654	
473	1000.000000	3799.786345	3792.334051	
474	1000.000000	3800.438838	3792.186764	
475	1000.000000	3800.438838	3792.284879	
476	1000.000000	3800.438838	3792.195204	
477	1000.000000	3800.521346	3792.392089	
478	1000.000000	3799.868853	3792.335647	
479	1000.000000	3799.786345	3792.323519	
480	1000.000000	3799.786345	3792.342118	
481	1000.000000	3799.786345	3792.429451	
482	1000.000000	3799.786345	3792.408937	
483	1000.000000	3799.125809	3792.443515	
484	1000.000000	3799.125809	3792.521680	
485	1000.000000	3799.125809	3792.555924	
486	1000.000000	3799.125809	3792.574050	
487	1000.000000	3798.462010	3792.562243	
488	1000.000000	3797.767044	3792.602194	
489	1000.000000	3797.767044	3792.640312	
490	1000.000000	3797.775071	3792.615674	
491	1000.000000	3797.775071	3792.627058	
492	1000.000000	3797.767044	3792.399092	
493	1000.000000	3797.094814	3792.586875	
494	1000.000000	3797.094814	3792.505894	
495	1000.000000	3797.094814	3792.466049	
496	1000.000000	3797.094814	3792.371967	
497	1000.000000	3797.094814	3792.516031	
498	1000.000000	3797.094814	3792.465039	
499	1000.000000	3797.094814	3792.630362	
