0	608.616581	4151505.314018	2101327.580312	
1	1000.000000	4179670.756990	2690770.442311	
2	1000.000000	4210374.315523	2992591.804515	
3	1000.000000	4212076.734657	3182221.744021	
4	1000.000000	4217770.200052	3327779.740630	
5	1000.000000	4231116.789816	3416161.800676	
6	1000.000000	4234652.568701	3496606.370497	
7	1000.000000	4238416.143435	3559928.890934	
8	1000.000000	4243311.463028	3599770.531038	
9	1000.000000	4243441.296632	3640930.755355	
10	1000.000000	4247717.713622	3667027.703720	
11	1000.000000	4251195.788717	3694217.100776	
12	1000.000000	4257175.625205	3715351.674071	
13	1000.000000	4257848.482056	3733742.594078	
14	1000.000000	4263776.989222	3752506.747244	
15	1000.000000	4264509.635169	3772990.232969	
16	1000.000000	4262012.260538	3792035.042821	
17	1000.000000	4260355.534501	3805568.933956	
18	1000.000000	4261269.530958	3816874.556412	
19	1000.000000	4261332.059011	3828440.724032	
20	1000.000000	4267965.243780	3841960.068029	
21	1000.000000	4262082.380489	3856262.393879	
22	1000.000000	4268949.378614	3869199.227487	
23	1000.000000	4271490.961736	3881131.947640	
24	1000.000000	4272466.217252	3883481.760585	
25	1000.000000	4271797.975823	3895255.445999	
26	1000.000000	4272711.358716	3903702.817357	
27	1000.000000	4275329.177710	3909773.180590	
28	1000.000000	4276970.915155	3916354.131114	
29	1000.000000	4273410.303346	3925558.466254	
30	1000.000000	4275220.659183	3926356.329524	
31	1000.000000	4271976.090840	3939908.975344	
32	1000.000000	4273665.717986	3945997.018245	
33	1000.000000	4274125.286570	3961250.404605	
34	1000.000000	4273673.018626	3965553.978523	
35	1000.000000	4272916.190578	3973093.757065	
36	1000.000000	4274220.903134	3981059.353633	
37	1000.000000	4272235.659248	3989408.911716	
38	1000.000000	4278700.132785	4000163.716430	
39	1000.000000	4275326.424732	4004818.253040	
40	1000.000000	4278043.865244	4008257.996807	
41	1000.000000	4278732.743723	4016146.568490	
42	1000.000000	4277781.196457	4020400.369468	
43	1000.000000	4278637.357167	4022713.986940	
44	1000.000000	4279300.915658	4029148.748300	
45	1000.000000	4278088.055275	4031843.671890	
46	1000.000000	4277831.555878	4039254.540834	
47	1000.000000	4278624.819707	4040028.650366	
48	1000.000000	4279595.228471	4043969.122438	
49	1000.000000	4278572.864626	4045156.878650	
50	1000.000000	4283109.069006	4044894.616670	
51	1000.000000	4283253.362394	4051530.268263	
52	1000.000000	4284542.457815	4054742.383961	
53	1000.000000	4285768.301152	4061971.613031	
54	1000.000000	4282728.402822	4063948.729829	
55	1000.000000	4282480.864532	4064770.336716	
56	1000.000000	4280786.597557	4069359.120211	
57	1000.000000	4281158.842733	4071636.793103	
58	1000.000000	4280644.554521	4078830.551906	
59	1000.000000	4279665.485062	4082805.750423	
60	1000.000000	4281554.658027	4084842.563023	
61	1000.000000	4282802.268959	4082386.827258	
62	1000.000000	4285519.564368	4084148.355331	
63	1000.000000	4283488.731008	4086523.002471	
64	1000.000000	4282493.375674	4085294.798458	
65	1000.000000	4280110.730650	4086344.682070	
66	1000.000000	4284089.077105	4092621.431671	
67	1000.000000	4282815.125534	4094128.693925	
68	1000.000000	4280909.053929	4097759.818551	
69	1000.000000	4281601.458425	4100139.112216	
70	1000.000000	4283513.527143	4101725.428862	
71	1000.000000	4282937.229370	4103458.804346	
72	1000.000000	4285989.684027	4104535.030239	
73	1000.000000	4287949.856806	4107975.929149	
74	1000.000000	4287436.198642	4107800.514469	
75	1000.000000	4284027.637561	4106134.180710	
76	1000.000000	4285970.987189	4106632.788034	
77	1000.000000	4287232.144515	4109930.116391	
78	1000.000000	4285298.749622	4108914.720173	
79	1000.000000	4285446.139313	4111785.291799	
80	1000.000000	4284388.926896	4112995.481380	
81	1000.000000	4285231.896895	4119000.453268	
82	1000.000000	4283970.706663	4119971.029194	
83	1000.000000	4283164.225977	4121327.702414	
84	1000.000000	4283541.377401	4124607.683874	
85	1000.000000	4285083.734605	4128432.195626	
86	1000.000000	4283598.638510	4127600.598804	
87	1000.000000	4280745.448646	4130108.339771	
88	1000.000000	4284341.871103	4128284.703066	
89	1000.000000	4284576.890711	4128745.412795	
90	1000.000000	4286000.792017	4130209.195833	
91	1000.000000	4284337.859143	4130268.693096	
92	1000.000000	4283756.135684	4130265.155693	
93	1000.000000	4284126.315103	4132805.282667	
94	1000.000000	4282561.715970	4137340.366222	
95	1000.000000	4282897.214091	4138959.931064	
96	1000.000000	4283424.698264	4140487.053747	
97	1000.000000	4282006.447801	4139214.357069	
98	1000.000000	4282842.952581	4142279.470891	
99	1000.000000	4283585.297145	4142593.036352	
100	1000.000000	4282792.685378	4142836.007627	
101	1000.000000	4281873.363187	4143882.384821	
102	1000.000000	4284402.373547	4144032.001076	
103	1000.000000	4285140.894274	4145579.734380	
104	1000.000000	4284986.600990	4144137.820917	
105	1000.000000	4287131.393929	4143643.292905	
106	1000.000000	4286615.221227	4149127.688553	
107	1000.000000	4285275.402894	4146688.989185	
108	1000.000000	4285540.111079	4150386.433681	
109	1000.000000	4286475.906822	4149896.220016	
110	1000.000000	4285341.873352	4154627.904108	
111	1000.000000	4286007.084525	4152475.410419	
112	1000.000000	4283489.936900	4149788.253385	
113	1000.000000	4281891.952309	4154006.903270	
114	1000.000000	4282881.431379	4155025.933751	
115	1000.000000	4282584.963155	4157334.453943	
116	1000.000000	4284545.278889	4159619.358102	
117	1000.000000	4283902.613026	4164119.140802	
118	1000.000000	4282939.989857	4162175.699120	
119	1000.000000	4284252.471105	4164276.830231	
120	1000.000000	4283880.783770	4167737.026509	
121	1000.000000	4283875.882597	4166575.464494	
122	1000.000000	4282995.334327	4166432.508823	
123	1000.000000	4285098.071574	4169319.071949	
124	1000.000000	4282086.665204	4167690.887032	
125	1000.000000	4281612.412174	4168059.978467	
126	1000.000000	4283127.600031	4167841.576184	
127	1000.000000	4280804.527083	4167251.874018	
128	1000.000000	4281286.684549	4170188.270496	
129	1000.000000	4283948.795468	4171438.432657	
130	1000.000000	4281920.693716	4172016.129494	
131	1000.000000	4280219.598427	4174268.937972	
132	1000.000000	4280305.876349	4176517.103942	
133	1000.000000	4279798.863197	4173268.065501	
134	1000.000000	4280540.233237	4170998.352131	
135	1000.000000	4279027.884590	4174416.578996	
136	1000.000000	4280040.991950	4177963.488061	
137	1000.000000	4279924.461825	4181517.247765	
138	1000.000000	4279212.459308	4180026.580731	
139	1000.000000	4279049.181039	4177522.563537	
140	1000.000000	4280404.389742	4179647.163047	
141	1000.000000	4281001.559308	4178957.115258	
142	1000.000000	4279619.318639	4177646.459244	
143	1000.000000	4276552.254509	4175838.560487	
144	1000.000000	4279255.230296	4177016.094340	
145	1000.000000	4279579.531084	4175858.724373	
146	1000.000000	4278927.458503	4176055.627840	
147	1000.000000	4278986.336462	4177713.834816	
148	1000.000000	4277653.531428	4177403.099732	
149	1000.000000	4279415.030997	4178134.468904	
150	1000.000000	4281241.537044	4177717.832394	
151	1000.000000	4280171.638688	4179375.999939	
152	1000.000000	4279374.722934	4178835.021180	
153	1000.000000	4279610.781500	4182244.540156	
154	1000.000000	4277516.274588	4181500.333751	
155	1000.000000	4279229.324890	4179919.646510	
156	1000.000000	4278863.905426	4179245.162172	
157	1000.000000	4279028.323739	4179596.769715	
158	1000.000000	4279112.543961	4179856.887766	
159	1000.000000	4280623.454568	4179305.994018	
160	1000.000000	4281687.261610	4178973.170985	
161	1000.000000	4280256.087387	4178538.195860	
162	1000.000000	4280472.281287	4182126.622235	
163	1000.000000	4280173.576368	4183175.657194	
164	1000.000000	4277703.758961	4183900.035541	
165	1000.000000	4274215.380677	4179146.580145	
166	1000.000000	4278938.721299	4181471.810177	
167	1000.000000	4275317.903715	4182288.343435	
168	1000.000000	4277856.891107	4183069.417761	
169	1000.000000	4278003.730299	4181704.953912	
170	1000.000000	4278047.121814	4184853.085359	
171	1000.000000	4278588.487061	4183702.838016	
172	1000.000000	4276538.607374	4185890.717561	
173	1000.000000	4273856.081857	4185704.656786	
174	1000.000000	4276089.133615	4180980.396936	
175	1000.000000	4276720.900205	4184746.802016	
176	1000.000000	4279446.414706	4182401.731921	
177	1000.000000	4277072.585218	4182097.414749	
178	1000.000000	4275847.002444	4177917.332788	
179	1000.000000	4276149.966732	4181651.096853	
180	1000.000000	4275561.155165	4182870.579063	
181	1000.000000	4275707.275221	4182614.311279	
182	1000.000000	4277812.469519	4180293.116721	
183	1000.000000	4276715.368105	4184621.458698	
184	1000.000000	4276939.938827	4184292.168848	
185	1000.000000	4274184.145995	4183790.701108	
186	1000.000000	4273241.371600	4186093.425804	
187	1000.000000	4272378.195908	4183331.779911	
188	1000.000000	4272766.515438	4181751.445218	
189	1000.000000	4274137.644502	4184543.424376	
190	1000.000000	4276025.619766	4185158.207679	
191	1000.000000	4273613.353010	4185579.629207	
192	1000.000000	4273173.383763	4186250.878001	
193	1000.000000	4273931.620594	4187159.014680	
194	1000.000000	4272674.456170	4186226.417116	
195	1000.000000	4272404.680130	4187043.614896	
196	1000.000000	4271812.329246	4189027.848141	
197	1000.000000	4275061.148868	4187581.242957	
198	1000.000000	4274615.724025	4186114.217704	
199	1000.000000	4273286.420028	4184288.313730	
200	1000.000000	4274120.441177	4183738.124313	
201	1000.000000	4274790.457618	4182853.513146	
202	1000.000000	4274998.131810	4184391.222815	
203	1000.000000	4273150.419795	4186816.433277	
204	1000.000000	4274260.939660	4190394.746687	
205	1000.000000	4273826.671749	4188969.426371	
206	1000.000000	4272206.255284	4187468.509003	
207	1000.000000	4276279.799820	4189778.805057	
208	1000.000000	4277127.394083	4187521.896612	
209	1000.000000	4278631.435863	4192484.807444	
210	1000.000000	4279018.860452	4194986.204500	
211	1000.000000	4275755.392948	4193723.992256	
212	1000.000000	4276463.981962	4190156.870023	
213	1000.000000	4277821.108683	4194766.563204	
214	1000.000000	4277798.614321	4196199.408539	
215	1000.000000	4278175.842263	4195453.200602	
216	1000.000000	4277932.118907	4195820.868921	
217	1000.000000	4277901.737080	4195640.809589	
218	1000.000000	4279374.779613	4193775.512430	
219	1000.000000	4276786.995458	4195242.626529	
220	1000.000000	4276872.994913	4197017.345122	
221	1000.000000	4277940.971334	4197596.833052	
222	1000.000000	4278187.397301	4196933.334775	
223	1000.000000	4276688.847025	4193309.047004	
224	1000.000000	4277812.240564	4195494.812848	
225	1000.000000	4277889.967862	4194773.376956	
226	1000.000000	4278270.106727	4199019.364298	
227	1000.000000	4277285.743848	4197885.492798	
228	1000.000000	4275258.662219	4199558.974872	
229	1000.000000	4277569.737879	4200558.522442	
230	1000.000000	4278558.337919	4200576.187772	
231	1000.000000	4276415.164237	4198707.854953	
232	1000.000000	4276616.481159	4197069.023352	
233	1000.000000	4274920.660913	4195801.956603	
234	1000.000000	4275431.538221	4195353.218935	
235	1000.000000	4275881.652347	4197581.438107	
236	1000.000000	4275667.480671	4194946.038568	
237	1000.000000	4276727.390270	4196111.484958	
238	1000.000000	4273411.743572	4195607.062546	
239	1000.000000	4273369.593989	4197334.425879	
240	1000.000000	4275017.537947	4196027.424986	
241	1000.000000	4273665.130906	4198728.841636	
242	1000.000000	4273993.718700	4199444.474667	
243	1000.000000	4275335.869928	4197643.098168	
244	1000.000000	4274597.119296	4197489.650349	
245	1000.000000	4275256.493505	4197803.572612	
246	1000.000000	4276191.632543	4198670.387521	
247	1000.000000	4275751.597621	4195957.318662	
248	1000.000000	4278743.369932	4195161.128379	
249	1000.000000	4275744.021191	4199702.303077	
250	1000.000000	4276335.323445	4198450.917862	
251	1000.000000	4276338.318599	4200043.129535	
252	1000.000000	4274051.928534	4199292.831299	
253	1000.000000	4275441.810068	4201568.732857	
254	1000.000000	4275207.847805	4200082.652740	
255	1000.000000	4277695.761301	4198080.730046	
256	1000.000000	4276776.170661	4201545.148689	
257	1000.000000	4278036.724608	4200876.443929	
258	1000.000000	4277787.180411	4200529.139331	
259	1000.000000	4279537.117554	4198712.346918	
260	1000.000000	4279015.109640	4200833.278260	
261	1000.000000	4279593.909339	4202540.575047	
262	1000.000000	4279395.501432	4202440.823757	
263	1000.000000	4278301.869155	4199706.948347	
264	1000.000000	4278429.150285	4202571.436295	
265	1000.000000	4278396.602526	4200169.203410	
266	1000.000000	4275582.956415	4200397.958640	
267	1000.000000	4275712.206838	4201630.188217	
268	1000.000000	4279138.169550	4197745.716350	
269	1000.000000	4278789.263231	4202799.893378	
270	1000.000000	4276857.103621	4202029.286912	
271	1000.000000	4277389.415952	4198626.173443	
272	1000.000000	4279123.205590	4202257.072287	
273	1000.000000	4277677.446630	4199176.402486	
274	1000.000000	4276456.781179	4202264.920361	
275	1000.000000	4277508.118976	4201545.059654	
276	1000.000000	4277048.915319	4201136.320085	
277	1000.000000	4277644.605664	4199065.066911	
278	1000.000000	4277116.248584	4202872.108184	
279	1000.000000	4277698.659277	4201022.112981	
280	1000.000000	4276460.979143	4203392.207953	
281	1000.000000	4276983.272461	4202746.028546	
282	1000.000000	4277360.692203	4204351.715988	
283	1000.000000	4279121.461297	4202813.377788	
284	1000.000000	4276268.414370	4203452.303174	
285	1000.000000	4276349.492121	4202022.257920	
286	1000.000000	4277906.059638	4201334.256587	
287	1000.000000	4280438.635754	4203806.774391	
288	1000.000000	4280506.385476	4203180.645695	
289	1000.000000	4282197.733889	4206781.500326	
290	1000.000000	4283334.565533	4211032.691949	
291	1000.000000	4279684.761088	4207273.584370	
292	1000.000000	4278750.664299	4208099.551621	
293	1000.000000	4278736.399686	4213289.104184	
294	1000.000000	4277372.649867	4211435.149497	
295	1000.000000	4279111.120014	4213942.269959	
296	1000.000000	4281008.535276	4215828.921222	
297	1000.000000	4280331.675727	4213113.195458	
298	1000.000000	4280372.610560	4214383.770104	
299	1000.000000	4281016.979361	4211011.357272	
300	1000.000000	4279245.441518	4213249.650519	
301	1000.000000	4277933.925770	4209591.185812	
302	1000.000000	4277674.318352	4208432.242706	
303	1000.000000	4278213.816677	4210405.023511	
304	1000.000000	4277889.760723	4212446.364926	
305	1000.000000	4279097.220793	4214218.821941	
306	1000.000000	4277364.796084	4216366.262641	
307	1000.000000	4281311.699391	4213874.118744	
308	1000.000000	4280549.661886	4216674.771228	
309	1000.000000	4282686.613040	4213832.524523	
310	1000.000000	4280951.705915	4217264.257120	
311	1000.000000	4283477.944808	4217840.276688	
312	1000.000000	4282784.066524	4216318.557343	
313	1000.000000	4282088.068530	4216481.219737	
314	1000.000000	4281996.696326	4213552.061289	
315	1000.000000	4282644.372701	4216719.938326	
316	1000.000000	4284141.874901	4215910.227112	
317	1000.000000	4282640.918844	4215969.179123	
318	1000.000000	4282076.761522	4215492.920186	
319	1000.000000	4282257.301050	4217143.054690	
320	1000.000000	4282456.505735	4216759.287348	
321	1000.000000	4280927.044596	4214304.107663	
322	1000.000000	4281589.132964	4215418.054574	
323	1000.000000	4279716.216152	4218660.985838	
324	1000.000000	4280083.117886	4219242.130195	
325	1000.000000	4279964.197760	4216606.941209	
326	1000.000000	4279181.046357	4218835.441615	
327	1000.000000	4279190.189541	4217385.495994	
328	1000.000000	4280498.857538	4214987.400082	
329	1000.000000	4280232.302409	4216615.219668	
330	1000.000000	4281681.597073	4219820.380026	
331	1000.000000	4282956.758603	4216937.946063	
332	1000.000000	4280762.001777	4213889.939026	
333	1000.000000	4282935.697374	4220169.381828	
334	1000.000000	4283161.976943	4218079.633769	
335	1000.000000	4282118.380258	4216455.267377	
336	1000.000000	4281847.719312	4220156.268022	
337	1000.000000	4281237.097454	4219302.842555	
338	1000.000000	4282099.487549	4221864.967808	
339	1000.000000	4282174.511513	4221153.263290	
340	1000.000000	4283338.439349	4216667.232809	
341	1000.000000	4282563.645382	4217535.523974	
342	1000.000000	4282692.148433	4220640.182771	
343	1000.000000	4282749.835824	4215894.921029	
344	1000.000000	4283602.841375	4217842.517927	
345	1000.000000	4283596.741178	4217021.841224	
346	1000.000000	4283169.458536	4218286.243536	
347	1000.000000	4281970.135320	4218209.352002	
348	1000.000000	4283888.699414	4218924.842271	
349	1000.000000	4284596.804462	4222108.919443	
350	1000.000000	4281170.769111	4217804.938201	
351	1000.000000	4280712.728552	4218391.653755	
352	1000.000000	4282343.430391	4216951.792982	
353	1000.000000	4282501.938623	4219030.965249	
354	1000.000000	4282866.985499	4216754.387095	
355	1000.000000	4282799.661794	4218291.796137	
356	1000.000000	4283496.918217	4216780.815145	
357	1000.000000	4283989.841480	4215698.596903	
358	1000.000000	4283174.666710	4218807.527141	
359	1000.000000	4285166.494036	4218171.373013	
360	1000.000000	4282001.169971	4214347.412915	
361	1000.000000	4280190.364021	4219953.192001	
362	1000.000000	4280308.718565	4218970.654077	
363	1000.000000	4280069.213865	4213431.874023	
364	1000.000000	4278796.656041	4217304.031806	
365	1000.000000	4278449.252099	4217355.353566	
366	1000.000000	4277733.109052	4213575.824763	
367	1000.000000	4278795.868775	4214804.367833	
368	1000.000000	4278151.563526	4212808.942565	
369	1000.000000	4278828.179223	4213565.824764	
370	1000.000000	4278989.909879	4213119.102508	
371	1000.000000	4279165.099395	4208549.275394	
372	1000.000000	4278513.260397	4210597.706902	
373	1000.000000	4279804.000342	4213861.429242	
374	1000.000000	4278887.385921	4210122.842818	
375	1000.000000	4277707.908480	4209724.306114	
376	1000.000000	4278201.552741	4212484.215642	
377	1000.000000	4279550.751009	4212176.964948	
378	1000.000000	4279360.009901	4214755.700873	
379	1000.000000	4278853.366136	4213729.479576	
380	1000.000000	4278689.061827	4215356.698263	
381	1000.000000	4279115.240432	4215215.363501	
382	1000.000000	4279105.348257	4213821.604920	
383	1000.000000	4280485.965121	4216141.960563	
384	1000.000000	4277809.021593	4214405.721282	
385	1000.000000	4278522.645406	4210213.462512	
386	1000.000000	4277590.174360	4212841.239424	
387	1000.000000	4279124.845385	4212202.196730	
388	1000.000000	4279711.734539	4213885.191248	
389	1000.000000	4279618.275676	4214795.399469	
390	1000.000000	4281196.261063	4213809.406265	
391	1000.000000	4281468.369702	4213687.771491	
392	1000.000000	4282144.241686	4210896.848431	
393	1000.000000	4280938.539547	4213673.098022	
394	1000.000000	4280352.591419	4216690.277993	
395	1000.000000	4281204.627062	4216043.456575	
396	1000.000000	4280565.569538	4216287.196403	
397	1000.000000	4279179.171303	4218709.336280	
398	1000.000000	4280311.594878	4217161.622609	
399	1000.000000	4280021.326918	4217513.676085	
400	1000.000000	4281080.167759	4215030.135375	
401	1000.000000	4279483.984990	4214697.445039	
402	1000.000000	4281890.701257	4215850.335425	
403	1000.000000	4282697.019613	4215030.269887	
404	1000.000000	4282573.845132	4212008.035856	
405	1000.000000	4283079.192547	4213050.526241	
406	1000.000000	4282866.349188	4211637.843919	
407	1000.000000	4281996.480352	4213718.919661	
408	1000.000000	4283418.635020	4208571.334238	
409	1000.000000	4283744.836034	4216449.764898	
410	1000.000000	4283017.741117	4215751.727295	
411	1000.000000	4281494.931449	4216449.011283	
412	1000.000000	4283485.192438	4217664.326544	
413	1000.000000	4283646.851537	4219999.139485	
414	1000.000000	4285024.396696	4220772.502499	
415	1000.000000	4285224.559396	4218775.493824	
416	1000.000000	4284677.645288	4219686.720209	
417	1000.000000	4285330.883968	4220086.419249	
418	1000.000000	4284845.639712	4218818.612242	
419	1000.000000	4281425.084002	4217782.040036	
420	1000.000000	4281229.121225	4221177.171965	
421	1000.000000	4284171.954079	4218914.610678	
422	1000.000000	4284732.946413	4222102.878148	
423	1000.000000	4283500.696378	4221110.366124	
424	1000.000000	4283704.873522	4222565.011321	
425	1000.000000	4284577.691463	4223911.773429	
426	1000.000000	4282930.747802	4225884.642055	
427	1000.000000	4282912.995745	4226132.499552	
428	1000.000000	4284530.708778	4224637.463390	
429	1000.000000	4283947.930348	4226703.566291	
430	1000.000000	4283107.526977	4228623.570891	
431	1000.000000	4284086.109235	4221908.353531	
432	1000.000000	4284939.385091	4223725.506088	
433	1000.000000	4285841.065443	4223695.819200	
434	1000.000000	4285906.240974	4226786.514630	
435	1000.000000	4285949.118131	4227603.654715	
436	1000.000000	4285986.905484	4229162.781056	
437	1000.000000	4286646.963772	4227487.659845	
438	1000.000000	4286969.154973	4225697.439001	
439	1000.000000	4288361.476695	4226300.040676	
440	1000.000000	4288414.666785	4225935.663822	
441	1000.000000	4288530.107322	4227334.375496	
442	1000.000000	4287492.426833	4221742.756509	
443	1000.000000	4288336.656406	4229985.893862	
444	1000.000000	4289101.943744	4232159.230344	
445	1000.000000	4287982.889790	4228149.830169	
446	1000.000000	4287179.049457	4225471.833534	
447	1000.000000	4287214.393617	4227622.444091	
448	1000.000000	4286649.671900	4228611.479794	
449	1000.000000	4286864.992061	4230785.752317	
450	1000.000000	4288771.659968	4227997.791470	
451	1000.000000	4285847.324945	4227900.480169	
452	1000.000000	4284099.014050	4229605.579746	
453	1000.000000	4284674.351738	4226565.359152	
454	1000.000000	4285619.593447	4230166.179478	
455	1000.000000	4287201.592444	4230768.587696	
456	1000.000000	4287883.574383	4232198.017271	
457	1000.000000	4289218.052514	4228108.870415	
458	1000.000000	4288056.981761	4227871.503709	
459	1000.000000	4286908.551430	4224819.060443	
460	1000.000000	4286477.092244	4229904.924020	
461	1000.000000	4286209.381523	4230305.187821	
462	1000.000000	4286167.277742	4230462.064908	
463	1000.000000	4285797.522542	4229086.052868	
464	1000.000000	4286239.550480	4231414.424337	
465	1000.000000	4286724.320715	4230711.522165	
466	1000.000000	4287240.254230	4231609.525385	
467	1000.000000	4287589.551338	4232133.749998	
468	1000.000000	4286557.159846	4230921.452019	
469	1000.000000	4286522.361151	4230350.531887	
470	1000.000000	4287754.436433	4232686.714053	
471	1000.000000	4287807.583412	4224930.238906	
472	1000.000000	4286116.730715	4228404.715584	
473	1000.000000	4286890.322732	4228168.160248	
474	1000.000000	4285504.615578	4232404.068042	
475	1000.000000	4284427.806650	4229401.783857	
476	1000.000000	4283964.100036	4230764.147476	
477	1000.000000	4283954.170282	4226526.278552	
478	1000.000000	4284763.880006	4230385.823270	
479	1000.000000	4283587.403117	4231155.023544	
480	1000.000000	4285306.492624	4232409.167505	
481	1000.000000	4284729.742404	4230747.450412	
482	1000.000000	4283215.284299	4232532.332423	
483	1000.000000	4285775.306935	4230212.402966	
484	1000.000000	4285257.933712	4227437.302816	
485	1000.000000	4285338.409031	4230009.532808	
486	1000.000000	4285583.671213	4229537.205020	
487	1000.000000	4285385.110035	4229688.734871	
488	1000.000000	4283880.726085	4227406.215807	
489	1000.000000	4279310.336695	4229637.948963	
490	1000.000000	4279416.528944	4231122.118481	
491	1000.000000	4281594.079494	4230402.197004	
492	1000.000000	4280910.418866	4232226.378854	
493	1000.000000	4279562.296282	4231442.700229	
494	1000.000000	4280753.251913	4230043.392180	
495	1000.000000	4280593.340250	4229307.332517	
496	1000.000000	4281237.595294	4231725.494411	
497	1000.000000	4281246.069863	4230714.941385	
498	1000.000000	4278907.713277	4232272.649331	
499	1000.000000	4278610.244682	4229725.355747	
