0	684.987251	4082967.664758	2158088.305914	
1	959.559941	4158155.143817	2740710.415900	
2	1000.000000	4185865.561385	3043744.494266	
3	1000.000000	4203141.175118	3226490.425078	
4	1000.000000	4207924.183329	3328282.097987	
5	1000.000000	4213463.204052	3431497.543378	
6	1000.000000	4222449.787236	3500122.233402	
7	1000.000000	4243355.159472	3559334.208077	
8	1000.000000	4247838.831578	3609663.555200	
9	1000.000000	4248546.392206	3638705.389703	
10	1000.000000	4246240.680092	3676194.681753	
11	1000.000000	4246167.173098	3705668.741094	
12	1000.000000	4247230.519784	3725634.672824	
13	1000.000000	4252330.871711	3759344.389942	
14	1000.000000	4240278.986648	3778398.448337	
15	1000.000000	4252542.030045	3797091.678668	
16	1000.000000	4248662.744871	3812185.293638	
17	1000.000000	4252266.266940	3828801.833230	
18	1000.000000	4257752.897400	3850421.427826	
19	1000.000000	4261249.353690	3864622.872572	
20	1000.000000	4266405.728206	3877267.771033	
21	1000.000000	4261671.022045	3890556.958582	
22	1000.000000	4268048.451123	3900963.691416	
23	1000.000000	4265085.025065	3915133.858067	
24	1000.000000	4264774.414673	3927902.690292	
25	1000.000000	4274901.355703	3939274.645487	
26	1000.000000	4272261.118176	3949057.999722	
27	1000.000000	4273347.637685	3956171.650390	
28	1000.000000	4273973.937245	3965997.178453	
29	1000.000000	4270096.013284	3969082.865622	
30	1000.000000	4268979.878246	3977069.242902	
31	1000.000000	4270489.009250	3984099.112427	
32	1000.000000	4276056.286115	3991854.714362	
33	1000.000000	4275130.088822	3995496.497714	
34	1000.000000	4277792.636418	4005631.079831	
35	1000.000000	4275583.670513	4007992.217324	
36	1000.000000	4277171.331692	4013985.516379	
37	1000.000000	4282825.150378	4012937.338144	
38	1000.000000	4277247.788140	4021534.460027	
39	1000.000000	4281500.552364	4024560.955130	
40	1000.000000	4280707.564048	4025276.194277	
41	1000.000000	4278669.936471	4030099.906141	
42	1000.000000	4278686.845503	4035442.197512	
43	1000.000000	4281856.351679	4042376.613773	
44	1000.000000	4282338.804149	4047738.256695	
45	1000.000000	4282052.731807	4051925.259943	
46	1000.000000	4281591.415913	4054367.058906	
47	1000.000000	4281382.511807	4058943.900835	
48	1000.000000	4279408.407356	4062242.413801	
49	1000.000000	4281776.578019	4070391.631481	
50	1000.000000	4281217.636582	4073828.564288	
51	1000.000000	4279407.738601	4078971.923631	
52	1000.000000	4278815.232125	4078567.688942	
53	1000.000000	4279177.221207	4083175.119034	
54	1000.000000	4275509.493265	4088142.524873	
55	1000.000000	4277323.255077	4092583.381037	
56	1000.000000	4279043.532709	4094002.581367	
57	1000.000000	4280774.870428	4095958.623528	
58	1000.000000	4278257.995950	4099311.011098	
59	1000.000000	4279676.001512	4098253.659260	
60	1000.000000	4276690.759056	4099979.620380	
61	1000.000000	4278428.776497	4100953.902785	
62	1000.000000	4276719.896792	4102314.414951	
63	1000.000000	4281262.422141	4104928.485062	
64	1000.000000	4279208.519774	4111426.677196	
65	1000.000000	4278454.210456	4119119.303757	
66	1000.000000	4281075.830884	4118773.616284	
67	1000.000000	4278450.995583	4118778.767897	
68	1000.000000	4276017.660344	4122871.496128	
69	1000.000000	4280897.068203	4128882.153425	
70	1000.000000	4278566.926311	4122505.655968	
71	1000.000000	4281175.996285	4124492.357086	
72	1000.000000	4279626.593398	4127034.500439	
73	1000.000000	4283075.072706	4129498.598804	
74	1000.000000	4279006.378882	4130926.248061	
75	1000.000000	4280658.736617	4131911.558358	
76	1000.000000	4279083.580015	4134464.822924	
77	1000.000000	4280539.916752	4135236.674853	
78	1000.000000	4279916.728047	4138682.932713	
79	1000.000000	4281639.433012	4142177.341013	
80	1000.000000	4279476.447365	4139205.940357	
81	1000.000000	4282155.315504	4140568.770023	
82	1000.000000	4280922.229436	4139041.921930	
83	1000.000000	4279579.111800	4138172.062438	
84	1000.000000	4279871.553254	4135901.816362	
85	1000.000000	4280549.632451	4138141.427511	
86	1000.000000	4280868.405206	4143344.947212	
87	1000.000000	4280746.054242	4148235.984966	
88	1000.000000	4281411.315147	4147320.373315	
89	1000.000000	4282604.543979	4147818.264743	
90	1000.000000	4280446.223652	4152638.243619	
91	1000.000000	4281936.015006	4151372.054156	
92	1000.000000	4279985.626859	4155242.665061	
93	1000.000000	4280397.988770	4155846.013047	
94	1000.000000	4279988.429035	4157097.309849	
95	1000.000000	4280966.884236	4157688.145630	
96	1000.000000	4279689.183831	4162765.166477	
97	1000.000000	4280914.818859	4165200.900246	
98	1000.000000	4281077.004297	4165275.215622	
99	1000.000000	4280342.011615	4166566.814039	
100	1000.000000	4281498.929196	4167971.788260	
101	1000.000000	4280078.723167	4170389.795605	
102	1000.000000	4281087.624606	4170994.935956	
103	1000.000000	4279735.246771	4174600.614179	
104	1000.000000	4281778.324766	4174189.842511	
105	1000.000000	4282496.274611	4176258.299026	
106	1000.000000	4283242.631798	4177276.379533	
107	1000.000000	4283882.652550	4176988.695449	
108	1000.000000	4284218.008090	4179018.853138	
109	1000.000000	4284176.227413	4177906.829545	
110	1000.000000	4285370.226402	4173617.188837	
111	1000.000000	4281912.513834	4175464.387870	
112	1000.000000	4282069.432159	4176039.027368	
113	1000.000000	4281773.896954	4176448.224013	
114	1000.000000	4281592.380821	4176063.640335	
115	1000.000000	4282229.392384	4177018.422427	
116	1000.000000	4280742.002202	4176412.664593	
117	1000.000000	4280254.783476	4181511.501806	
118	1000.000000	4280696.097218	4175976.974610	
119	1000.000000	4284392.935952	4177789.098209	
120	1000.000000	4281011.635892	4182450.189586	
121	1000.000000	4282230.340334	4178263.894319	
122	1000.000000	4283191.263709	4180621.282772	
123	1000.000000	4281643.094602	4182736.132474	
124	1000.000000	4283552.183325	4181138.894305	
125	1000.000000	4281013.441984	4182503.804790	
126	1000.000000	4282141.277910	4184950.035001	
127	1000.000000	4280782.762787	4181578.907426	
128	1000.000000	4281720.335920	4182158.263172	
129	1000.000000	4280673.663918	4180693.384612	
130	1000.000000	4281734.579816	4185334.453883	
131	1000.000000	4280427.841195	4187215.906181	
132	1000.000000	4281720.839166	4184083.351459	
133	1000.000000	4281491.779300	4182293.483417	
134	1000.000000	4282028.304725	4183513.002062	
135	1000.000000	4281504.587569	4182420.292093	
136	1000.000000	4282368.182205	4179772.627463	
137	1000.000000	4282363.135615	4183579.724070	
138	1000.000000	4283442.828387	4185848.885473	
139	1000.000000	4283162.426938	4186172.250744	
140	1000.000000	4281281.250450	4187652.967558	
141	1000.000000	4281055.677116	4191273.245490	
142	1000.000000	4281505.294547	4189265.554216	
143	1000.000000	4281606.341493	4192327.545030	
144	1000.000000	4281822.502128	4191146.415027	
145	1000.000000	4282433.630746	4191218.859333	
146	1000.000000	4280661.535195	4193190.137300	
147	1000.000000	4281222.688322	4194950.910281	
148	1000.000000	4282180.363586	4191019.626794	
149	1000.000000	4282378.185336	4195680.449271	
150	1000.000000	4282533.622848	4195179.114556	
151	1000.000000	4283219.781492	4198051.605901	
152	1000.000000	4281863.307939	4197543.033798	
153	1000.000000	4286178.197661	4198965.327609	
154	1000.000000	4283256.652153	4200202.953069	
155	1000.000000	4281459.395106	4199985.855622	
156	1000.000000	4280937.605762	4198899.826165	
157	1000.000000	4279814.599752	4198600.218995	
158	1000.000000	4281484.918804	4197806.878657	
159	1000.000000	4280858.366899	4197954.883445	
160	1000.000000	4281864.106523	4199192.963592	
161	1000.000000	4280234.206111	4199566.069791	
162	1000.000000	4280008.648409	4202493.705061	
163	1000.000000	4278499.754876	4200595.869944	
164	1000.000000	4278442.237512	4203788.086861	
165	1000.000000	4278411.542344	4202423.900915	
166	1000.000000	4278651.010627	4199931.620992	
167	1000.000000	4278302.603279	4203245.359141	
168	1000.000000	4278528.855375	4199790.125624	
169	1000.000000	4278857.846002	4203703.426406	
170	1000.000000	4279116.667310	4201664.839251	
171	1000.000000	4278620.964860	4201886.126015	
172	1000.000000	4279761.577266	4204469.839303	
173	1000.000000	4279670.466658	4202864.010956	
174	1000.000000	4279854.909776	4204892.227143	
175	1000.000000	4279398.749088	4203509.908336	
176	1000.000000	4280788.310036	4206565.375522	
177	1000.000000	4280857.179840	4205841.129477	
178	1000.000000	4281024.906916	4202218.581715	
179	1000.000000	4278414.802860	4203619.307029	
180	1000.000000	4279511.169186	4203828.332472	
181	1000.000000	4278135.180053	4204723.457580	
182	1000.000000	4279408.493183	4207026.014489	
183	1000.000000	4280381.035920	4207532.780028	
184	1000.000000	4283758.147979	4209227.258628	
185	1000.000000	4283979.578345	4210045.012270	
186	1000.000000	4283449.742967	4206365.329271	
187	1000.000000	4283857.072568	4205380.597526	
188	1000.000000	4283355.902389	4204857.075729	
189	1000.000000	4282927.103701	4204125.397159	
190	1000.000000	4284827.615403	4207674.034156	
191	1000.000000	4279647.383435	4208819.744460	
192	1000.000000	4278595.442682	4209345.414009	
193	1000.000000	4278642.351234	4203554.514698	
194	1000.000000	4279664.290088	4207100.258872	
195	1000.000000	4278339.993605	4207609.646386	
196	1000.000000	4277566.376402	4205620.214720	
197	1000.000000	4277452.592713	4202996.650284	
198	1000.000000	4278230.590140	4205561.404759	
199	1000.000000	4278589.212465	4206241.764965	
200	1000.000000	4279563.017185	4209537.904201	
201	1000.000000	4278371.504735	4211651.951791	
202	1000.000000	4279571.532325	4212839.617116	
203	1000.000000	4278595.719968	4212992.289538	
204	1000.000000	4282196.016997	4209291.845992	
205	1000.000000	4282491.581347	4209597.438363	
206	1000.000000	4281288.231612	4208978.964258	
207	1000.000000	4280822.728726	4211912.018549	
208	1000.000000	4280217.592699	4210976.092141	
209	1000.000000	4280697.986243	4211142.015757	
210	1000.000000	4277369.792549	4207776.204274	
211	1000.000000	4275896.001863	4214613.490637	
212	1000.000000	4274137.165496	4209680.327661	
213	1000.000000	4273623.121410	4209723.161379	
214	1000.000000	4275852.708818	4208578.645415	
215	1000.000000	4274693.525530	4207205.052775	
216	1000.000000	4274329.833118	4210981.862404	
217	1000.000000	4272765.840258	4210868.183263	
218	1000.000000	4275477.907334	4215346.066066	
219	1000.000000	4275170.245264	4213253.956667	
220	1000.000000	4276405.671428	4216229.078990	
221	1000.000000	4275360.122743	4210141.496702	
222	1000.000000	4276366.234540	4212874.621170	
223	1000.000000	4274963.181232	4214286.550783	
224	1000.000000	4274749.264484	4208089.353258	
225	1000.000000	4278121.192771	4213403.630495	
226	1000.000000	4276065.838938	4214499.928033	
227	1000.000000	4277214.032949	4211730.762132	
228	1000.000000	4277609.615299	4211294.117015	
229	1000.000000	4277906.099849	4215681.639389	
230	1000.000000	4277794.799053	4212837.975367	
231	1000.000000	4277973.401066	4215421.721188	
232	1000.000000	4277560.040849	4215188.225105	
233	1000.000000	4276613.402720	4213372.004608	
234	1000.000000	4279133.532802	4213187.687503	
235	1000.000000	4278632.431399	4215238.987039	
236	1000.000000	4278099.119633	4216332.838874	
237	1000.000000	4278940.325927	4219252.102460	
238	1000.000000	4278573.963372	4219388.179022	
239	1000.000000	4278504.934460	4218169.444009	
240	1000.000000	4277917.215100	4218535.667504	
241	1000.000000	4277135.157973	4218306.706471	
242	1000.000000	4280524.979117	4217616.761164	
243	1000.000000	4281333.300378	4217969.274103	
244	1000.000000	4280991.349517	4215543.698363	
245	1000.000000	4280653.723158	4217373.833407	
246	1000.000000	4281957.809682	4221213.196612	
247	1000.000000	4280630.847374	4222044.492601	
248	1000.000000	4282715.896679	4218024.709811	
249	1000.000000	4281507.549616	4221404.692728	
250	1000.000000	4281378.124996	4216760.551591	
251	1000.000000	4280150.118998	4217873.358977	
252	1000.000000	4280835.489940	4217371.347081	
253	1000.000000	4281578.763537	4220825.733447	
254	1000.000000	4281148.356738	4220141.978341	
255	1000.000000	4280754.592144	4216010.205557	
256	1000.000000	4278796.624174	4214598.983905	
257	1000.000000	4278355.866736	4212588.804560	
258	1000.000000	4281874.620191	4215819.078115	
259	1000.000000	4282195.846463	4215881.404173	
260	1000.000000	4281379.863016	4215645.517067	
261	1000.000000	4281283.814776	4216574.930532	
262	1000.000000	4280933.672119	4215471.814410	
263	1000.000000	4280067.694059	4215099.238466	
264	1000.000000	4279501.953035	4215451.348848	
265	1000.000000	4279595.477835	4215323.846800	
266	1000.000000	4280684.498448	4218791.736219	
267	1000.000000	4281041.419245	4218688.472635	
268	1000.000000	4282022.161418	4218944.202699	
269	1000.000000	4282063.811342	4220474.224721	
270	1000.000000	4281195.752009	4220686.905704	
271	1000.000000	4279967.194084	4219795.363187	
272	1000.000000	4278758.474740	4215397.238419	
273	1000.000000	4280945.387324	4216799.496896	
274	1000.000000	4279373.249585	4215454.081326	
275	1000.000000	4279806.351977	4219800.948269	
276	1000.000000	4280218.148244	4219380.893215	
277	1000.000000	4279478.314495	4216199.649466	
278	1000.000000	4279602.541102	4218345.873344	
279	1000.000000	4280040.173385	4218286.024056	
280	1000.000000	4280630.414795	4219889.773878	
281	1000.000000	4281163.788611	4218784.367581	
282	1000.000000	4278547.936852	4216327.765777	
283	1000.000000	4278384.645980	4218096.534864	
284	1000.000000	4278925.288751	4214978.832864	
285	1000.000000	4278200.261719	4214231.598880	
286	1000.000000	4278812.131559	4215258.846897	
287	1000.000000	4280022.498765	4218843.735843	
288	1000.000000	4278429.322964	4220125.448813	
289	1000.000000	4278197.635284	4221588.556504	
290	1000.000000	4281403.844361	4220670.385741	
291	1000.000000	4281086.403400	4220142.124474	
292	1000.000000	4279167.030342	4221596.485427	
293	1000.000000	4277613.873755	4218150.236338	
294	1000.000000	4277441.148958	4220107.654179	
295	1000.000000	4278769.226806	4219506.599333	
296	1000.000000	4279597.742205	4219403.846024	
297	1000.000000	4281043.999424	4219374.139948	
298	1000.000000	4280221.563932	4218658.124337	
299	1000.000000	4280050.966094	4218355.692725	
300	1000.000000	4280968.924250	4219390.246950	
301	1000.000000	4277659.554661	4219730.464257	
302	1000.000000	4279068.132172	4219096.129250	
303	1000.000000	4278905.349009	4221998.081873	
304	1000.000000	4279348.092095	4218734.871169	
305	1000.000000	4279916.822018	4218979.136219	
306	1000.000000	4280939.327525	4221466.454933	
307	1000.000000	4281776.674573	4220891.040099	
308	1000.000000	4282433.759355	4221788.351962	
309	1000.000000	4282201.109955	4220622.697455	
310	1000.000000	4283530.950417	4221546.269331	
311	1000.000000	4284509.100921	4219814.861316	
312	1000.000000	4283981.351498	4218047.087566	
313	1000.000000	4284340.023417	4216687.417086	
314	1000.000000	4284458.976601	4216799.396061	
315	1000.000000	4282557.550737	4217902.997652	
316	1000.000000	4281352.109020	4218773.425748	
317	1000.000000	4281397.068359	4219066.478247	
318	1000.000000	4281829.705820	4219373.178949	
319	1000.000000	4280869.692263	4215947.395186	
320	1000.000000	4282125.078495	4219324.667906	
321	1000.000000	4280779.142495	4222013.210414	
322	1000.000000	4280893.420687	4217581.733647	
323	1000.000000	4280167.225643	4220974.093543	
324	1000.000000	4281453.475220	4220630.912175	
325	1000.000000	4279931.726896	4218435.321216	
326	1000.000000	4279955.965427	4218244.599354	
327	1000.000000	4284097.256164	4216882.482788	
328	1000.000000	4280148.709390	4218054.229640	
329	1000.000000	4280508.865709	4219762.132677	
330	1000.000000	4280589.932316	4218156.772340	
331	1000.000000	4279882.064643	4218087.398696	
332	1000.000000	4279678.895124	4219504.650871	
333	1000.000000	4280608.763996	4220405.765458	
334	1000.000000	4280405.264259	4218900.086476	
335	1000.000000	4280508.072460	4219550.852702	
336	1000.000000	4279936.398622	4216619.588307	
337	1000.000000	4277948.986201	4218974.304270	
338	1000.000000	4278341.520477	4220192.673321	
339	1000.000000	4278401.319440	4221007.089232	
340	1000.000000	4278448.431986	4220034.804947	
341	1000.000000	4279839.737157	4220326.330437	
342	1000.000000	4280425.973762	4220588.065115	
343	1000.000000	4280943.267088	4219206.484934	
344	1000.000000	4281035.322329	4218830.558218	
345	1000.000000	4280833.101911	4219151.952248	
346	1000.000000	4280809.243324	4219200.759419	
347	1000.000000	4278881.874299	4218148.626910	
348	1000.000000	4278282.541426	4213984.091391	
349	1000.000000	4277518.264558	4217812.899451	
350	1000.000000	4276967.360980	4218439.060150	
351	1000.000000	4276838.352115	4218317.750037	
352	1000.000000	4276731.417377	4217556.987032	
353	1000.000000	4276417.959193	4217070.870152	
354	1000.000000	4278747.802928	4218201.371622	
355	1000.000000	4280299.436254	4217289.045108	
356	1000.000000	4280155.367104	4219751.751338	
357	1000.000000	4279409.654976	4217952.528498	
358	1000.000000	4279080.069995	4218899.047683	
359	1000.000000	4279543.178506	4216378.271307	
360	1000.000000	4281083.665406	4216876.749141	
361	1000.000000	4280660.844507	4219739.488734	
362	1000.000000	4279939.005276	4219355.600407	
363	1000.000000	4280895.616595	4219845.068696	
364	1000.000000	4280469.914795	4219575.764210	
365	1000.000000	4280713.114201	4217728.386852	
366	1000.000000	4279473.725900	4213229.472676	
367	1000.000000	4278963.687571	4213687.662339	
368	1000.000000	4278905.536385	4215437.536214	
369	1000.000000	4279975.557019	4219303.615506	
370	1000.000000	4279748.313013	4220028.367371	
371	1000.000000	4279482.066703	4218856.168340	
372	1000.000000	4280187.145116	4220255.155061	
373	1000.000000	4281155.245791	4223509.870711	
374	1000.000000	4280895.690654	4222798.786297	
375	1000.000000	4278952.381493	4221378.601513	
376	1000.000000	4279417.743024	4220754.244250	
377	1000.000000	4278599.709932	4219938.439913	
378	1000.000000	4278519.165188	4220673.989357	
379	1000.000000	4279388.733639	4221201.381018	
380	1000.000000	4279370.734019	4221802.110057	
381	1000.000000	4277079.787829	4219034.048938	
382	1000.000000	4277112.058206	4221258.609975	
383	1000.000000	4276702.814259	4220866.893492	
384	1000.000000	4275929.400635	4220829.982232	
385	1000.000000	4275688.979835	4222119.141297	
386	1000.000000	4275373.112606	4223027.945330	
387	1000.000000	4276472.867301	4222334.679655	
388	1000.000000	4274385.563694	4219598.865081	
389	1000.000000	4275044.035430	4221992.113181	
390	1000.000000	4278957.759799	4221334.731121	
391	1000.000000	4278367.224022	4224927.591724	
392	1000.000000	4278662.687555	4222380.799824	
393	1000.000000	4278317.431003	4220750.256981	
394	1000.000000	4277481.637785	4224583.938871	
395	1000.000000	4277398.705065	4221349.047064	
396	1000.000000	4276058.495679	4222597.744545	
397	1000.000000	4275777.451371	4220098.669542	
398	1000.000000	4278047.222925	4224022.074037	
399	1000.000000	4276083.647522	4224011.032842	
400	1000.000000	4277716.639276	4224193.501115	
401	1000.000000	4279238.402268	4223147.635898	
402	1000.000000	4278671.454040	4224262.987461	
403	1000.000000	4275333.533070	4223344.561720	
404	1000.000000	4276379.511401	4225229.776204	
405	1000.000000	4276501.349056	4221178.396823	
406	1000.000000	4277074.283448	4222696.957820	
407	1000.000000	4278129.040780	4222058.587403	
408	1000.000000	4277784.227502	4220442.811837	
409	1000.000000	4277886.173084	4220519.299789	
410	1000.000000	4278135.190819	4219819.613849	
411	1000.000000	4277189.861484	4220334.858872	
412	1000.000000	4277590.410937	4221354.448152	
413	1000.000000	4277252.573356	4220655.328462	
414	1000.000000	4277986.061226	4219185.790005	
415	1000.000000	4278397.909462	4220257.104572	
416	1000.000000	4278227.453871	4217456.551985	
417	1000.000000	4276837.739197	4217652.316054	
418	1000.000000	4275532.304921	4218379.112816	
419	1000.000000	4274606.075777	4218725.690122	
420	1000.000000	4275591.493496	4217733.530268	
421	1000.000000	4275254.557848	4217485.796045	
422	1000.000000	4275241.666443	4220279.879992	
423	1000.000000	4276015.298288	4218154.474060	
424	1000.000000	4274612.894356	4217405.215823	
425	1000.000000	4274528.847626	4215538.216275	
426	1000.000000	4274731.012560	4220444.377705	
427	1000.000000	4276109.236466	4220005.846238	
428	1000.000000	4273492.368326	4219891.948683	
429	1000.000000	4273094.848090	4220719.909694	
430	1000.000000	4273914.195215	4223653.664418	
431	1000.000000	4272902.183106	4223525.103257	
432	1000.000000	4273688.091473	4223409.609249	
433	1000.000000	4272991.874232	4218021.680352	
434	1000.000000	4273004.979634	4222566.567525	
435	1000.000000	4272965.038750	4226222.235521	
436	1000.000000	4273507.255025	4223638.231021	
437	1000.000000	4274102.726328	4223657.930376	
438	1000.000000	4273669.072319	4221491.138136	
439	1000.000000	4272604.012651	4222629.403631	
440	1000.000000	4271048.214721	4222837.071676	
441	1000.000000	4271847.315899	4222263.778995	
442	1000.000000	4273280.388736	4224521.195160	
443	1000.000000	4274260.860913	4220964.051591	
444	1000.000000	4274600.932104	4218979.346651	
445	1000.000000	4274422.859376	4222418.740687	
446	1000.000000	4274622.930666	4221164.573198	
447	1000.000000	4273663.330382	4223610.900257	
448	1000.000000	4273342.331746	4221762.559519	
449	1000.000000	4273577.483302	4222646.802589	
450	1000.000000	4275579.116818	4225422.646744	
451	1000.000000	4275243.281265	4225246.835979	
452	1000.000000	4272783.466178	4222867.765342	
453	1000.000000	4275509.897581	4220371.216636	
454	1000.000000	4276346.184598	4220620.994780	
455	1000.000000	4277209.883388	4221578.884403	
456	1000.000000	4277284.057827	4223510.104274	
457	1000.000000	4273562.739061	4222818.679094	
458	1000.000000	4273942.923601	4223452.940348	
459	1000.000000	4273326.668805	4223218.624752	
460	1000.000000	4274851.423676	4222438.631246	
461	1000.000000	4278635.478963	4224992.562839	
462	1000.000000	4277186.516624	4224023.873090	
463	1000.000000	4277611.186396	4225042.389003	
464	1000.000000	4277945.383974	4224303.768918	
465	1000.000000	4276108.006696	4223889.153655	
466	1000.000000	4277214.933176	4226665.240146	
467	1000.000000	4277871.791923	4225912.516432	
468	1000.000000	4277403.917497	4222622.086112	
469	1000.000000	4278274.585574	4223807.138370	
470	1000.000000	4278454.504167	4224817.645001	
471	1000.000000	4276864.171675	4224876.936048	
472	1000.000000	4276633.642908	4224875.390672	
473	1000.000000	4277670.878590	4224808.369600	
474	1000.000000	4278216.118647	4225435.549533	
475	1000.000000	4277044.312979	4224020.469185	
476	1000.000000	4278694.121517	4223271.768229	
477	1000.000000	4278391.066745	4228156.111780	
478	1000.000000	4278124.505985	4226406.646625	
479	1000.000000	4278243.099920	4224826.552440	
480	1000.000000	4278918.975966	4227106.630450	
481	1000.000000	4279356.257527	4225608.207975	
482	1000.000000	4275190.011283	4225787.881030	
483	1000.000000	4275715.175971	4223966.352720	
484	1000.000000	4276308.510920	4226609.532746	
485	1000.000000	4275129.732226	4222154.092732	
486	1000.000000	4276558.653141	4223325.833648	
487	1000.000000	4276827.406659	4225761.919607	
488	1000.000000	4276778.698775	4226603.695723	
489	1000.000000	4276156.686638	4227332.809179	
490	1000.000000	4275997.974712	4226431.495588	
491	1000.000000	4275549.860601	4228100.104752	
492	1000.000000	4274303.189195	4227017.018161	
493	1000.000000	4275538.554424	4227204.611804	
494	1000.000000	4274927.022849	4225451.726617	
495	1000.000000	4273861.864688	4225455.347936	
496	1000.000000	4274188.026185	4224292.425516	
497	1000.000000	4274716.588956	4227753.607062	
498	1000.000000	4274568.046182	4227320.611652	
499	1000.000000	4274759.033218	4227923.340415	
