2.036877,68.015550,30.584883,
3.231957,69.610570,34.365353,
4.020893,71.442610,37.499341,
5.441623,72.388690,40.029422,
6.292333,73.007443,42.682856,
9.332543,73.435797,45.084929,
9.658423,73.624610,46.729076,
10.930800,73.815240,48.089298,
13.632613,74.152093,49.576643,
12.735587,74.644023,50.172117,
13.423877,74.758537,50.854261,
12.620787,74.666353,51.718303,
14.321450,74.740347,52.503045,
14.194560,74.684733,53.093532,
14.522610,75.032097,53.552999,
14.671997,75.703900,54.116001,
16.992683,75.192540,54.592890,
15.172930,75.446907,54.983778,
16.023297,75.692710,55.706096,
16.985937,75.536487,56.223459,
18.531163,75.336763,56.718894,
19.822333,75.596540,56.929961,
21.229213,75.704373,57.338381,
20.639130,75.738237,57.734208,
18.423650,75.980653,58.181677,
19.832700,75.881970,58.488993,
21.336187,76.213963,59.050419,
21.427530,76.472127,59.289542,
23.692113,76.180153,59.680526,
24.593653,75.756630,60.138869,
24.002907,76.401217,60.472398,
25.292170,76.429203,60.670680,
25.845343,76.259607,60.986541,
25.506307,76.398977,61.411508,
27.602340,76.361840,61.918083,
27.991970,76.499880,62.449140,
31.609077,76.449373,62.779630,
30.023287,76.521207,63.073587,
31.599277,76.515490,63.300059,
31.660383,76.616977,63.721123,
33.201433,76.583547,64.072090,
33.099677,76.673147,64.629175,
35.283473,76.619130,65.260287,
37.124847,76.714003,65.443545,
37.838893,76.699197,65.709862,
37.561697,76.977300,66.054730,
39.356703,76.876487,66.354122,
39.303983,76.880713,66.635937,
40.439930,76.737370,66.799822,
41.491127,76.953047,66.924088,
42.061657,77.092853,67.192226,
43.147783,77.070430,67.456040,
43.392077,77.042287,67.732564,
44.404987,77.085130,67.959339,
44.986437,76.883997,68.313552,
47.215957,76.863893,68.629706,
47.415503,77.035507,68.936923,
47.333030,77.081580,69.137281,
47.721340,77.159537,69.180550,
48.603403,77.219263,69.322334,
50.595900,77.238687,69.615998,
52.525240,77.298967,69.941384,
52.082587,77.155557,70.085208,
51.980153,77.291507,70.240182,
51.452820,77.145913,70.452695,
51.921523,77.250497,70.578885,
52.617957,77.275943,70.786930,
52.895250,77.246193,70.835950,
54.299573,77.332470,70.915182,
54.816837,77.407220,70.964196,
55.059920,77.263663,71.045145,
56.042520,77.321533,71.246762,
57.063080,77.331670,71.315950,
57.461760,77.277623,71.425161,
56.780337,77.361663,71.525200,
57.208767,77.368290,71.512240,
58.220413,77.283877,71.504656,
59.931997,77.364517,71.584704,
58.845557,77.315663,71.640166,
58.353117,77.453053,71.689453,
59.707487,77.360833,71.845381,
60.410637,77.531723,71.888936,
60.155230,77.419727,71.961028,
58.987453,77.498477,72.058568,
59.552757,77.470103,72.153368,
60.101043,77.377763,72.247883,
60.221997,77.326687,72.277259,
61.448297,77.520660,72.379690,
60.692457,77.398310,72.444160,
61.849900,77.362367,72.457078,
62.617200,77.353353,72.538600,
62.275400,77.345237,72.572688,
63.168247,77.432430,72.546414,
63.053687,77.346017,72.551376,
61.766627,77.402327,72.657165,
62.578870,77.421867,72.737566,
62.564197,77.401527,72.778371,
62.724413,77.396033,72.802390,
62.658767,77.291697,72.833855,
62.333727,77.382147,72.876903,
60.715350,77.368967,72.861534,
61.235347,77.395647,72.934363,
62.142907,77.344227,72.961970,
62.575163,77.412303,73.009124,
62.788310,77.445150,73.078417,
62.481830,77.387787,73.187438,
63.161773,77.443733,73.283027,
62.810983,77.357907,73.335155,
63.380430,77.292363,73.308687,
64.197000,77.333917,73.388200,
63.753067,77.331200,73.423871,
64.164243,77.303013,73.490577,
61.847337,77.346910,73.498344,
62.929160,77.342973,73.542256,
63.856537,77.400950,73.623314,
64.149103,77.290347,73.648475,
64.308073,77.261533,73.652570,
66.767863,77.318543,73.743493,
65.663817,77.281787,73.774805,
65.838780,77.256447,73.778660,
66.619010,77.276620,73.813707,
65.481640,77.217520,73.789164,
65.106420,77.257813,73.830401,
64.770120,77.260983,73.845463,
64.496110,77.299610,73.875586,
65.887393,77.220677,73.927255,
65.529440,77.345907,73.942278,
65.836980,77.346483,73.946901,
66.522817,77.407717,73.972685,
66.428283,77.359917,73.975906,
66.895000,77.372247,73.990173,
66.542307,77.402697,74.034390,
66.814133,77.421817,74.076307,
66.693487,77.303437,74.108395,
65.797560,77.266200,74.143588,
66.133957,77.251460,74.199227,
66.378617,77.386307,74.225447,
66.313273,77.346660,74.256217,
66.993657,77.364510,74.327369,
67.741923,77.364440,74.370709,
67.661667,77.366207,74.356362,
67.784647,77.371080,74.362594,
66.662537,77.334193,74.427126,
67.089573,77.375583,74.463118,
68.047340,77.393273,74.483422,
67.812573,77.413527,74.506084,
67.585883,77.338987,74.504694,
68.495503,77.338367,74.513830,
68.286700,77.409790,74.500367,
68.765963,77.410010,74.503908,
68.642967,77.386160,74.528167,
67.995827,77.403650,74.550507,
67.277657,77.389883,74.534685,
67.635570,77.369897,74.575058,
67.540583,77.394047,74.584993,
66.586850,77.424143,74.589474,
66.457157,77.369457,74.595459,
67.235283,77.250683,74.633972,
68.393660,77.432557,74.665998,
67.763377,77.456753,74.676330,
67.085820,77.332713,74.722350,
67.182887,77.299193,74.721183,
67.272707,77.309503,74.739643,
67.359947,77.316017,74.757972,
67.702853,77.329630,74.780928,
68.402523,77.306220,74.808592,
69.026313,77.296917,74.831383,
67.961280,77.329290,74.836494,
68.657253,77.198253,74.831402,
69.344967,77.299787,74.850610,
68.953903,77.305433,74.869244,
70.542940,77.258187,74.907268,
70.086423,77.262983,74.888191,
70.046973,77.184650,74.865450,
69.841907,77.211083,74.867992,
69.501660,77.196857,74.896751,
69.213020,77.167027,74.887418,
69.364267,77.199900,74.926029,
68.765853,77.256963,74.931138,
70.113097,77.226353,74.932919,
68.678993,77.193013,74.935746,
68.925487,77.204090,74.953078,
68.464060,77.254107,74.944446,
68.037173,77.231050,74.989717,
67.543143,77.233460,74.992563,
67.000893,77.261047,75.015348,
67.819493,77.254040,75.039574,
68.961313,77.191483,75.065909,
68.570600,77.233340,75.065153,
67.177710,77.243850,75.051591,
68.088880,77.257230,75.071280,
67.460223,77.271243,75.077770,
66.704210,77.270530,75.087099,
66.893243,77.243510,75.100132,
67.001047,77.173840,75.148173,
67.744453,77.231983,75.160304,
66.931260,77.257110,75.170722,
67.252773,77.210483,75.162494,
68.820327,77.224290,75.165218,
68.889213,77.257463,75.178686,
69.754013,77.136597,75.183386,
69.802493,77.097903,75.202183,
70.297543,77.135857,75.217081,
69.983127,77.159927,75.218735,
69.704637,77.210003,75.248233,
68.632897,77.175040,75.263504,
65.572723,77.149380,75.235406,
66.908030,77.148213,75.238888,
68.620727,77.138670,75.280338,
68.292537,77.233893,75.298052,
69.560617,77.175447,75.323699,
67.675200,77.115500,75.309599,
68.420373,77.142687,75.306517,
68.735383,77.145530,75.314092,
68.518990,77.165177,75.314085,
67.720237,77.158143,75.306412,
67.862560,77.237057,75.322329,
68.164987,77.168453,75.339404,
67.792183,77.107880,75.323099,
69.367567,77.111310,75.348329,
68.911507,77.132003,75.342465,
67.794507,77.175147,75.347587,
68.575343,77.161667,75.362883,
67.414487,77.124457,75.379944,
68.560540,77.117803,75.406365,
68.326213,77.214393,75.399376,
69.376150,77.133700,75.410066,
70.088620,77.111343,75.417143,
70.923023,77.093380,75.457150,
70.645257,77.063743,75.486398,
70.790840,77.055853,75.498843,
70.722823,77.052530,75.505634,
69.259230,77.015107,75.473708,
71.025940,77.079103,75.485724,
70.227970,77.015360,75.490989,
69.999433,77.020720,75.499653,
68.189260,76.994367,75.505616,
68.519723,76.957853,75.515930,
68.328283,76.911593,75.528163,
70.990997,76.928897,75.543419,
70.785727,76.909363,75.537915,
71.337303,76.920610,75.541261,
71.045677,76.888210,75.536814,
71.074863,76.945747,75.530027,
71.435577,76.952640,75.520794,
69.314153,76.979000,75.505930,
67.880457,76.971653,75.511726,
66.071283,76.968290,75.511406,
66.148530,76.958673,75.542945,
68.798760,76.959327,75.572698,
69.268490,76.932573,75.568945,
69.791313,76.915357,75.562411,
69.030390,76.904953,75.551269,
68.798370,76.931940,75.577034,
69.175723,76.929397,75.596925,
68.163873,76.912333,75.575250,
69.134530,76.912547,75.594758,
68.452257,76.868757,75.578585,
71.087957,76.871407,75.600617,
70.432023,76.894670,75.602008,
69.694957,76.894097,75.600737,
70.711507,76.890700,75.598629,
69.530337,77.000680,75.578823,
68.239663,76.901477,75.581459,
69.455413,76.908450,75.597990,
67.995883,76.895663,75.609656,
66.546583,76.883430,75.608349,
68.612433,76.865567,75.639598,
71.425087,76.872020,75.664806,
71.160940,76.844733,75.675010,
68.979787,76.872067,75.669516,
70.340113,76.889323,75.710230,
72.048787,76.945627,75.695639,
71.921263,76.852160,75.698742,
71.469040,76.875943,75.706609,
69.550233,76.892893,75.708661,
70.739957,76.911813,75.727355,
69.852970,76.908383,75.733537,
69.971843,76.905027,75.717486,
70.087667,76.886907,75.725898,
70.132340,76.908337,75.724581,
70.274477,76.896877,75.743602,
70.333280,76.881737,75.725865,
68.659503,76.888463,75.729690,
69.565297,76.885553,75.742334,
69.332563,76.911533,75.748477,
69.597623,76.893053,75.742792,
67.815430,76.875917,75.727862,
68.317530,76.918480,75.751279,
68.521290,76.891453,75.761965,
69.085390,76.946513,75.750337,
68.919903,76.965327,75.755012,
68.478600,76.955163,75.771725,
71.165753,76.914850,75.804775,
71.063810,76.898173,75.812614,
70.500070,76.884827,75.827864,
70.447020,76.897800,75.817770,
69.854087,76.957240,75.813179,
69.906453,76.974203,75.819010,
70.709310,77.011283,75.831063,
71.899823,76.960250,75.843604,
70.916627,76.933670,75.848622,
71.215927,76.930240,75.851458,
70.604683,76.958333,75.857875,
70.700363,76.921657,75.867479,
69.510813,76.892573,75.865995,
68.865057,76.865680,75.872120,
70.033973,76.851787,75.865141,
70.177203,76.865473,75.871089,
70.721317,76.879127,75.874874,
70.592110,76.904940,75.872649,
69.419657,76.891667,75.873591,
69.417033,76.896110,75.896979,
70.755333,76.911780,75.922944,
70.659230,76.919367,75.917461,
69.891493,76.915863,75.895230,
69.622713,76.903823,75.896058,
71.679657,76.910223,75.910470,
71.036830,76.906793,75.902199,
71.291460,76.903397,75.884994,
70.662317,76.916997,75.901693,
71.448417,76.858980,75.900984,
71.040917,76.868943,75.898687,
71.707130,76.908223,75.897284,
70.792207,76.896037,75.889552,
71.292830,76.986450,75.892550,
71.807277,76.887803,75.899060,
72.281920,76.855643,75.931485,
72.279297,76.874323,75.931510,
73.016920,76.857927,75.927858,
72.603993,76.831053,75.932478,
70.967200,76.831447,75.903041,
69.157230,76.831033,75.895545,
68.343910,76.882537,75.895003,
69.593653,76.842957,75.875440,
70.709097,76.841530,75.890314,
70.861437,76.851360,75.883736,
73.248257,76.834583,75.890867,
73.377280,76.872113,75.909483,
72.780533,76.816263,75.914873,
72.311550,76.828703,75.889196,
73.017610,76.802677,75.887878,
71.992283,76.809437,75.882605,
70.034477,76.913670,75.880706,
70.467417,76.847093,75.889044,
69.987750,76.850530,75.888863,
72.169320,76.795023,75.917563,
71.976787,76.821783,75.913347,
72.456077,76.833730,75.925760,
71.346200,76.836680,75.919887,
71.042623,76.833503,75.924901,
70.713310,76.830153,75.928226,
70.855740,76.830820,75.938339,
71.733073,76.824500,75.946562,
70.687010,76.787717,75.958124,
72.472097,76.781490,75.969213,
71.677420,76.768730,75.954970,
72.495220,76.795203,75.975264,
72.506823,76.778407,75.988356,
72.707050,76.811500,75.983002,
73.326787,76.787203,75.997198,
73.324643,76.791347,75.999569,
72.808033,76.797993,76.007280,
71.336327,76.782623,76.000648,
71.739173,76.793167,76.014556,
72.432053,76.789063,76.006263,
72.343310,76.769717,76.008040,
73.100507,76.754650,76.010733,
70.625120,76.754903,76.002240,
71.985507,76.758220,75.995288,
72.066703,76.744607,75.977562,
72.228510,76.720917,75.990384,
71.511760,76.741303,75.982921,
71.910633,76.728250,75.989360,
70.640163,76.734517,75.975437,
69.539653,76.737900,75.977738,
70.629833,76.731633,75.980900,
70.521450,76.734517,75.964142,
71.271577,76.741317,75.950448,
71.577943,76.731620,75.959275,
69.425850,76.744687,75.975048,
68.751537,76.744667,75.972157,
70.117567,76.751467,76.004540,
70.238280,76.751467,76.019724,
70.273483,76.737900,76.004005,
68.525780,76.744687,75.972392,
69.809113,76.754890,75.986625,
68.232670,76.744700,75.971493,
70.021000,76.741290,76.015870,
69.335693,76.758540,76.059072,
71.171660,76.731120,76.079288,
71.385803,76.727717,76.068763,
71.378503,76.724300,76.085606,
71.811137,76.720903,76.096410,
72.060350,76.731113,76.102639,
71.068743,76.731100,76.104560,
72.434200,76.744647,76.118364,
71.018087,76.773970,76.110513,
72.647177,76.760377,76.108420,
71.418717,76.748250,76.099777,
70.557227,76.734663,76.092870,
72.810277,76.697733,76.106832,
72.646623,76.687597,76.106971,
73.079763,76.727530,76.120826,
72.008517,76.737713,76.117635,
70.964067,76.741090,76.110791,
69.379310,76.749167,76.099014,
71.491287,76.749180,76.123220,
70.687820,76.745743,76.123128,
71.042323,76.759357,76.109882,
70.202073,76.752557,76.124774,
71.538927,76.714303,76.130123,
71.266250,76.714303,76.132315,
70.183957,76.744753,76.109543,
69.858607,76.758347,76.128798,
70.162580,76.838320,76.139770,
70.343200,76.798193,76.149317,
70.456147,76.791380,76.169442,
72.628640,76.771993,76.200131,
72.693737,76.755610,76.204212,
72.028377,76.762077,76.196900,
70.897347,76.718580,76.201846,
70.860183,76.711580,76.211536,
71.085400,76.735090,76.215883,
69.480450,76.738287,76.199967,
72.683857,76.745100,76.219277,
71.141577,76.731473,76.213133,
70.978250,76.725033,76.208317,
71.838150,76.724713,76.215368,
70.423597,76.738193,76.202769,
72.595417,76.744993,76.232099,
73.297567,76.754397,76.218929,
73.003460,76.757593,76.228840,
72.299893,76.828633,76.232805,
71.296017,76.835433,76.213837,
70.896240,76.808727,76.216137,
70.596963,76.815527,76.189615,
70.527743,76.779263,76.201400,
69.156357,76.779217,76.195686,
71.912490,76.788973,76.209750,
71.684167,76.788973,76.204277,
72.462083,76.738920,76.206350,
72.367850,76.712667,76.211034,
71.053390,76.699280,76.203648,
71.303963,76.699280,76.204464,
72.797543,76.699280,76.213229,
72.332397,76.698240,76.214828,
72.260993,76.729267,76.208428,
72.572887,76.729267,76.215335,
72.085077,76.749300,76.223309,
71.136140,76.718500,76.207334,
72.555660,76.721797,76.230370,
72.087013,76.728370,76.235517,
71.328053,76.721877,76.225983,
71.359493,76.715303,76.229105,
71.395893,76.721877,76.236878,
73.692667,76.721877,76.266262,
71.473913,76.718640,76.255007,
71.278133,76.749183,76.243033,
69.656147,76.745787,76.238795,
69.921797,76.749183,76.251743,
71.002773,76.755303,76.264844,
72.339330,76.728210,76.260291,
71.025550,76.721410,76.254497,
71.218450,76.721410,76.229576,
71.015060,76.694917,76.224625,
70.657410,76.715290,76.226743,
70.572793,76.731647,76.248737,
69.435813,76.715290,76.246915,
71.672543,76.711873,76.257075,
72.100387,76.724627,76.259790,
70.109637,76.731380,76.251055,
71.704957,76.715277,76.252844,
69.450293,76.711867,76.238391,
71.534557,76.711860,76.238731,
71.301047,76.718660,76.242165,
72.241147,76.712980,76.257941,
72.572473,76.702777,76.270154,
71.838097,76.692593,76.270727,
71.126920,76.695943,76.263454,
71.638963,76.747203,76.256580,
72.350510,76.767343,76.281399,
72.831147,76.768623,76.293193,
72.202050,76.748223,76.289553,
70.159280,76.748223,76.279211,
72.234587,76.748223,76.289696,
72.285113,76.754617,76.293143,
70.747277,76.763447,76.279335,
71.291963,76.763873,76.283577,
71.890013,76.763873,76.284768,
72.936190,76.757180,76.305230,
70.978080,76.757180,76.296991,
70.246497,76.753777,76.297702,
71.046557,76.750700,76.311175,
71.504850,76.714930,76.308344,
69.702373,76.745620,76.293525,
70.352763,76.735417,76.300239,
72.678847,76.732007,76.313866,
72.452777,76.738793,76.314692,
72.887993,76.752180,76.306805,
