0	1000.000000	8578610401.828005	8578407579.344265	
1	1000.000000	8578604846.978886	8578406958.081253	
2	1000.000000	8578607964.823050	8578407532.379146	
3	1000.000000	8578606310.195007	8578407995.240506	
4	1000.000000	8578600784.264444	8578407730.325190	
5	1000.000000	8578595844.129137	8578407920.467095	
6	1000.000000	8578594624.951635	8578407244.679288	
7	1000.000000	8578601054.866426	8578406688.285994	
8	1000.000000	8578597059.724425	8578408476.777772	
9	1000.000000	8578590309.334575	8578409823.195002	
10	1000.000000	8578596246.648540	8578411100.639197	
11	1000.000000	8578591315.628225	8578410012.204522	
12	1000.000000	8578593308.352831	8578410756.577630	
13	1000.000000	8578589819.263816	8578409259.200745	
14	1000.000000	8578587543.533526	8578409846.382710	
15	1000.000000	8578586378.972887	8578409393.363994	
16	1000.000000	8578591764.132844	8578408455.171241	
17	1000.000000	8578594487.497741	8578408076.167568	
18	1000.000000	8578592408.825445	8578408146.070074	
19	1000.000000	8578586271.654021	8578407264.579960	
20	1000.000000	8578585812.747821	8578408454.597384	
21	1000.000000	8578589207.089751	8578407550.060562	
22	1000.000000	8578594099.859853	8578408646.643651	
23	1000.000000	8578591095.246203	8578410011.082859	
24	1000.000000	8578586933.458289	8578409483.117320	
25	1000.000000	8578585829.012426	8578408025.083815	
26	1000.000000	8578585119.487350	8578409895.378167	
27	1000.000000	8578582034.041131	8578409717.429872	
28	1000.000000	8578576589.598669	8578409753.851521	
29	1000.000000	8578578858.455387	8578409851.895868	
30	1000.000000	8578575545.903034	8578409061.497407	
31	1000.000000	8578569402.470922	8578409638.980943	
32	1000.000000	8578579607.922139	8578407937.736073	
33	1000.000000	8578578125.740809	8578409345.481545	
34	1000.000000	8578578397.940396	8578409756.995875	
35	1000.000000	8578582469.520614	8578410862.611022	
36	1000.000000	8578581876.424413	8578410736.151667	
37	1000.000000	8578582509.429895	8578411270.835299	
38	1000.000000	8578579688.678556	8578411375.371631	
39	1000.000000	8578577251.971447	8578412690.164267	
40	1000.000000	8578578557.302241	8578413336.419340	
41	1000.000000	8578576878.218763	8578412956.546879	
42	1000.000000	8578578226.863360	8578412604.178633	
43	1000.000000	8578587542.844205	8578414341.358227	
44	1000.000000	8578582354.572348	8578413594.626898	
45	1000.000000	8578586368.602392	8578414301.338651	
46	1000.000000	8578583907.583113	8578414410.746166	
47	1000.000000	8578583335.522038	8578414200.334523	
48	1000.000000	8578583541.576272	8578414495.536443	
49	1000.000000	8578580658.326975	8578414518.304181	
50	1000.000000	8578575276.572836	8578413896.077332	
51	1000.000000	8578573605.228603	8578413719.036926	
52	1000.000000	8578575204.105377	8578414054.768407	
53	1000.000000	8578573283.668948	8578412858.599788	
54	1000.000000	8578575162.752555	8578412110.577811	
55	1000.000000	8578579081.175058	8578412477.337633	
56	1000.000000	8578576976.693613	8578412619.147931	
57	1000.000000	8578573590.178827	8578412266.382631	
58	1000.000000	8578581316.280380	8578413748.927945	
59	1000.000000	8578583871.086575	8578414082.468432	
60	1000.000000	8578578503.074115	8578414299.654163	
61	1000.000000	8578579512.147428	8578414663.280514	
62	1000.000000	8578583866.833121	8578415282.888271	
63	1000.000000	8578582420.711411	8578414890.215439	
64	1000.000000	8578584502.381086	8578414766.135375	
65	1000.000000	8578585575.283613	8578415056.157144	
66	1000.000000	8578582008.446808	8578415053.595321	
67	1000.000000	8578581874.170383	8578414680.760564	
68	1000.000000	8578578028.299365	8578415373.788914	
69	1000.000000	8578579085.652740	8578414015.008603	
70	1000.000000	8578578150.166627	8578414313.107564	
71	1000.000000	8578581480.285551	8578414430.346266	
72	1000.000000	8578577534.359188	8578413557.933409	
73	1000.000000	8578578679.929782	8578414215.607188	
74	1000.000000	8578576674.548532	8578415232.525165	
75	1000.000000	8578575492.232851	8578415154.682284	
76	1000.000000	8578569184.033113	8578416354.863445	
77	1000.000000	8578571474.879476	8578416064.466265	
78	1000.000000	8578571486.719724	8578416028.780058	
79	1000.000000	8578576832.517835	8578415730.401673	
80	1000.000000	8578574716.105283	8578416592.464475	
81	1000.000000	8578572852.346762	8578417817.535658	
82	1000.000000	8578573522.968392	8578419103.762515	
83	1000.000000	8578571957.984104	8578419069.315510	
84	1000.000000	8578578571.397717	8578417104.759851	
85	1000.000000	8578575556.835341	8578417463.455671	
86	1000.000000	8578578022.206540	8578418128.621104	
87	1000.000000	8578572553.332402	8578418976.734925	
88	1000.000000	8578575677.049066	8578419075.085225	
89	1000.000000	8578575726.634528	8578419354.802194	
90	1000.000000	8578577288.215539	8578419992.624887	
91	1000.000000	8578576843.503590	8578418785.340268	
92	1000.000000	8578571404.163309	8578418158.591705	
93	1000.000000	8578579677.756450	8578418245.635070	
94	1000.000000	8578571731.695119	8578419450.586518	
95	1000.000000	8578573876.183614	8578420443.850131	
96	1000.000000	8578572982.201328	8578420494.597279	
97	1000.000000	8578571437.212148	8578419657.374476	
98	1000.000000	8578569267.096924	8578420684.506678	
99	1000.000000	8578569781.214449	8578421195.813344	
100	1000.000000	8578571397.647137	8578422176.369877	
101	1000.000000	8578573240.524484	8578422202.851552	
102	1000.000000	8578572426.754214	8578421795.948444	
103	1000.000000	8578574452.387772	8578421366.524740	
104	1000.000000	8578575896.719971	8578422675.863132	
105	1000.000000	8578575311.932856	8578421470.201078	
106	1000.000000	8578571925.765476	8578421838.475221	
107	1000.000000	8578567015.031486	8578420693.507982	
108	1000.000000	8578567402.742599	8578420714.193689	
109	1000.000000	8578569002.769392	8578422160.254183	
110	1000.000000	8578572394.707444	8578422840.162459	
111	1000.000000	8578567603.767441	8578422344.561674	
112	1000.000000	8578567418.194833	8578421453.739681	
113	1000.000000	8578564411.048235	8578420304.678709	
114	1000.000000	8578566599.917223	8578418960.606014	
115	1000.000000	8578562987.445389	8578419848.233547	
116	1000.000000	8578563735.478799	8578419232.957541	
117	1000.000000	8578564289.997388	8578419487.242229	
118	1000.000000	8578562576.585201	8578420441.776241	
119	1000.000000	8578567457.278698	8578421382.548411	
120	1000.000000	8578564210.205820	8578421854.028987	
121	1000.000000	8578564968.602504	8578422423.889584	
122	1000.000000	8578565350.280532	8578423056.347088	
123	1000.000000	8578567443.748423	8578422541.106156	
124	1000.000000	8578562070.684034	8578421851.759177	
125	1000.000000	8578565615.258767	8578421937.343531	
126	1000.000000	8578560027.467114	8578420460.034167	
127	1000.000000	8578562670.294264	8578421278.831920	
128	1000.000000	8578563733.242916	8578421051.156978	
129	1000.000000	8578562781.934854	8578419864.821313	
130	1000.000000	8578561416.533746	8578420809.084426	
131	1000.000000	8578562547.681375	8578419727.571199	
132	1000.000000	8578560324.286487	8578419580.817932	
133	1000.000000	8578555774.867425	8578420233.985021	
134	1000.000000	8578555904.728073	8578420597.523427	
135	1000.000000	8578556612.204682	8578420784.400655	
136	1000.000000	8578554607.862234	8578421204.561249	
137	1000.000000	8578555855.929736	8578420017.867399	
138	1000.000000	8578556890.593633	8578420036.095160	
139	1000.000000	8578554006.785906	8578419722.211961	
140	1000.000000	8578549564.172672	8578417669.241244	
141	1000.000000	8578548931.396108	8578416940.002545	
142	1000.000000	8578546818.572061	8578417548.658901	
143	1000.000000	8578549871.049267	8578417577.655161	
144	1000.000000	8578551727.101530	8578416810.233503	
145	1000.000000	8578548911.076791	8578417894.427034	
146	1000.000000	8578548038.699332	8578418463.615065	
147	1000.000000	8578545634.053949	8578419417.769253	
148	1000.000000	8578547015.801503	8578419090.657892	
149	1000.000000	8578546830.679908	8578418054.869403	
150	1000.000000	8578549049.465714	8578417780.954581	
151	1000.000000	8578550962.200362	8578417701.992740	
152	1000.000000	8578554310.479825	8578417719.484479	
153	1000.000000	8578550629.502760	8578416836.413265	
154	1000.000000	8578552172.479009	8578417852.324026	
155	1000.000000	8578554959.708550	8578417873.903204	
156	1000.000000	8578557002.927079	8578416802.336444	
157	1000.000000	8578551308.317565	8578416720.754125	
158	1000.000000	8578546430.249634	8578417218.058734	
159	1000.000000	8578546548.914169	8578416910.769261	
160	1000.000000	8578544912.516240	8578416376.524398	
161	1000.000000	8578544728.457981	8578416325.490259	
162	1000.000000	8578542453.644418	8578416988.248073	
163	1000.000000	8578545384.404914	8578415946.979276	
164	1000.000000	8578543420.185863	8578416576.013400	
165	1000.000000	8578543165.024810	8578416811.051089	
166	1000.000000	8578544838.589067	8578416445.710811	
167	1000.000000	8578545398.742557	8578414857.103005	
168	1000.000000	8578540170.446918	8578415797.942811	
169	1000.000000	8578542788.906510	8578415883.130635	
170	1000.000000	8578539971.016873	8578415996.209676	
171	1000.000000	8578545633.631426	8578416626.727248	
172	1000.000000	8578545738.370268	8578416715.610737	
173	1000.000000	8578542314.411532	8578414880.284922	
174	1000.000000	8578540545.764508	8578415266.225080	
175	1000.000000	8578538320.361420	8578413867.158828	
176	1000.000000	8578532808.093799	8578413226.661413	
177	1000.000000	8578531621.583492	8578413082.428133	
178	1000.000000	8578534796.924486	8578412386.563457	
179	1000.000000	8578539777.688648	8578412233.133030	
180	1000.000000	8578533135.935994	8578412049.008610	
181	1000.000000	8578533691.211364	8578412780.899043	
182	1000.000000	8578533467.373900	8578411781.658754	
183	1000.000000	8578533765.214281	8578410879.930552	
184	1000.000000	8578531703.544675	8578412243.812273	
185	1000.000000	8578534744.252135	8578412797.630021	
186	1000.000000	8578537433.069980	8578413529.740744	
187	1000.000000	8578535215.545003	8578413578.062699	
188	1000.000000	8578534107.690070	8578413155.552689	
189	1000.000000	8578529065.388465	8578413459.227136	
190	1000.000000	8578530015.083712	8578413616.047047	
191	1000.000000	8578528981.454185	8578412708.031806	
192	1000.000000	8578533532.338377	8578412203.553679	
193	1000.000000	8578532935.578671	8578412648.120275	
194	1000.000000	8578531548.718556	8578412054.369786	
195	1000.000000	8578530068.895707	8578411342.684028	
196	1000.000000	8578524861.649619	8578410148.014806	
197	1000.000000	8578528906.584546	8578410430.460286	
198	1000.000000	8578534024.800654	8578410932.259905	
199	1000.000000	8578535072.651011	8578410908.284588	
200	1000.000000	8578525749.588729	8578410723.964066	
201	1000.000000	8578525583.703938	8578411425.126329	
202	1000.000000	8578528486.518749	8578410315.230306	
203	1000.000000	8578527286.090074	8578410551.298892	
204	1000.000000	8578527707.322749	8578411033.481496	
205	1000.000000	8578529444.354449	8578411190.651690	
206	1000.000000	8578529491.795398	8578411720.309252	
207	1000.000000	8578529356.125624	8578412271.677770	
208	1000.000000	8578530084.754769	8578412513.163224	
209	1000.000000	8578531735.154562	8578412635.356088	
210	1000.000000	8578531028.124681	8578411902.221575	
211	1000.000000	8578531386.618246	8578412322.983850	
212	1000.000000	8578533809.077557	8578412816.321107	
213	1000.000000	8578528300.003417	8578412128.957265	
214	1000.000000	8578529535.211638	8578413237.921735	
215	1000.000000	8578526710.074152	8578413217.945828	
216	1000.000000	8578529192.421061	8578413550.329569	
217	1000.000000	8578528753.290848	8578413922.727977	
218	1000.000000	8578525985.231964	8578414012.951850	
219	1000.000000	8578529062.073583	8578413796.868661	
220	1000.000000	8578527935.393489	8578414684.096497	
221	1000.000000	8578526922.010573	8578415121.459469	
222	1000.000000	8578527175.136594	8578414317.524472	
223	1000.000000	8578525713.642457	8578413921.252778	
224	1000.000000	8578524860.916675	8578413432.653480	
225	1000.000000	8578525835.325494	8578414120.437261	
226	1000.000000	8578525324.781030	8578414767.850510	
227	1000.000000	8578522263.907293	8578415207.106549	
228	1000.000000	8578523371.275079	8578415034.538737	
229	1000.000000	8578524377.341360	8578414847.152267	
230	1000.000000	8578521688.476172	8578414822.985363	
231	1000.000000	8578519864.147073	8578415207.734524	
232	1000.000000	8578520416.015207	8578415596.692063	
233	1000.000000	8578520624.332433	8578413928.328826	
234	1000.000000	8578518905.576399	8578414426.927258	
235	1000.000000	8578519755.415750	8578413772.056791	
236	1000.000000	8578522400.244528	8578414221.763574	
237	1000.000000	8578521593.336747	8578414404.007122	
238	1000.000000	8578523967.225303	8578415390.477550	
239	1000.000000	8578523944.505830	8578415521.159850	
240	1000.000000	8578521879.363753	8578415682.436159	
241	1000.000000	8578523847.422585	8578415164.791826	
242	1000.000000	8578521820.788991	8578414803.745169	
243	1000.000000	8578519817.026655	8578413530.632581	
244	1000.000000	8578514897.239803	8578412036.139975	
245	1000.000000	8578516159.774927	8578412889.529773	
246	1000.000000	8578514385.665256	8578414394.770290	
247	1000.000000	8578511688.884186	8578413896.439104	
248	1000.000000	8578511977.522868	8578413509.507814	
249	1000.000000	8578510575.543703	8578412985.227866	
250	1000.000000	8578508761.613798	8578413030.534250	
251	1000.000000	8578507243.981035	8578412467.266973	
252	1000.000000	8578507427.200418	8578411709.013708	
253	1000.000000	8578509218.938455	8578412188.963240	
254	1000.000000	8578506529.654333	8578411751.194291	
255	1000.000000	8578505869.415390	8578412280.026074	
256	1000.000000	8578507654.879336	8578412288.182839	
257	1000.000000	8578510649.934230	8578411628.268908	
258	1000.000000	8578511184.458833	8578411229.265326	
259	1000.000000	8578510461.581550	8578410083.399161	
260	1000.000000	8578511545.946895	8578410655.697412	
261	1000.000000	8578511688.193643	8578410708.154443	
262	1000.000000	8578505925.727358	8578410695.389869	
263	1000.000000	8578509046.920803	8578410695.467364	
264	1000.000000	8578509341.182860	8578410192.741328	
265	1000.000000	8578506920.370860	8578409787.380910	
266	1000.000000	8578510796.411429	8578409669.879725	
267	1000.000000	8578507354.568324	8578409144.188260	
268	1000.000000	8578506446.540860	8578408279.322005	
269	1000.000000	8578504695.927827	8578406813.366652	
270	1000.000000	8578503340.348769	8578406534.991596	
271	1000.000000	8578503032.910960	8578406836.746068	
272	1000.000000	8578504145.297326	8578405378.018975	
273	1000.000000	8578501889.937855	8578405783.628234	
274	1000.000000	8578498755.594153	8578405101.921817	
275	1000.000000	8578498462.395035	8578404799.584634	
276	1000.000000	8578496675.922769	8578404807.660479	
277	1000.000000	8578498398.207275	8578404473.288813	
278	1000.000000	8578497812.110543	8578404568.328718	
279	1000.000000	8578498339.430745	8578404826.440643	
280	1000.000000	8578494206.789365	8578404648.136633	
281	1000.000000	8578493023.900561	8578404167.122823	
282	1000.000000	8578495157.932400	8578404170.213995	
283	1000.000000	8578496133.392733	8578404879.780948	
284	1000.000000	8578493677.355460	8578404387.834942	
285	1000.000000	8578493571.454612	8578404135.294024	
286	1000.000000	8578497139.682705	8578404340.218116	
287	1000.000000	8578501497.937247	8578404354.166514	
288	1000.000000	8578498997.905685	8578403874.709799	
289	1000.000000	8578498058.157123	8578403411.827769	
290	1000.000000	8578500847.545713	8578403611.003998	
291	1000.000000	8578500073.938141	8578403180.871320	
292	1000.000000	8578500127.930429	8578403002.934015	
293	1000.000000	8578499887.757043	8578403267.268119	
294	1000.000000	8578501807.061028	8578403978.842746	
295	1000.000000	8578502612.231091	8578404587.665540	
296	1000.000000	8578500436.956203	8578404140.054825	
297	1000.000000	8578497938.149432	8578404061.138531	
298	1000.000000	8578499606.784253	8578403461.704254	
299	1000.000000	8578496954.079686	8578403528.707159	
300	1000.000000	8578498080.668926	8578403825.905851	
301	1000.000000	8578494503.075803	8578403202.796504	
302	1000.000000	8578491289.223025	8578402576.062311	
303	1000.000000	8578489861.897753	8578402267.391650	
304	1000.000000	8578491955.061787	8578402109.115980	
305	1000.000000	8578496455.326806	8578402185.519197	
306	1000.000000	8578492681.377643	8578401949.768612	
307	1000.000000	8578488502.255925	8578402104.908081	
308	1000.000000	8578488928.947225	8578401733.128886	
309	1000.000000	8578489860.900314	8578401913.431785	
310	1000.000000	8578489059.341611	8578401795.974263	
311	1000.000000	8578487163.238602	8578401579.175471	
312	1000.000000	8578489387.558125	8578401570.373342	
313	1000.000000	8578485535.139850	8578401293.956507	
314	1000.000000	8578487226.884645	8578401475.067851	
315	1000.000000	8578489462.032994	8578402078.344624	
316	1000.000000	8578491050.790006	8578401400.162101	
317	1000.000000	8578489069.157382	8578402575.734864	
318	1000.000000	8578488974.388442	8578402119.439864	
319	1000.000000	8578488660.280776	8578402255.572079	
320	1000.000000	8578488850.952567	8578402018.268215	
321	1000.000000	8578487086.131388	8578402235.809315	
322	1000.000000	8578486739.812595	8578401971.507413	
323	1000.000000	8578487703.693734	8578402372.123194	
324	1000.000000	8578487997.576039	8578402442.382884	
325	1000.000000	8578488405.927395	8578402672.903316	
326	1000.000000	8578487568.534461	8578402884.390243	
327	1000.000000	8578487184.121017	8578402264.709761	
328	1000.000000	8578486703.118979	8578401568.211625	
329	1000.000000	8578486652.488495	8578401525.464956	
330	1000.000000	8578486791.016466	8578401412.927135	
331	1000.000000	8578487607.584874	8578401561.942040	
332	1000.000000	8578490404.711488	8578402705.541537	
333	1000.000000	8578487065.044830	8578403635.382182	
334	1000.000000	8578487498.220464	8578404047.023635	
335	1000.000000	8578485728.623648	8578403799.542535	
336	1000.000000	8578487407.996668	8578404203.297742	
337	1000.000000	8578486823.832759	8578404299.316096	
338	1000.000000	8578485278.168985	8578404659.470530	
339	1000.000000	8578489231.827792	8578404926.700354	
340	1000.000000	8578489257.614885	8578404827.221643	
341	1000.000000	8578490655.383449	8578405261.066104	
342	1000.000000	8578487149.485872	8578405096.758669	
343	1000.000000	8578487042.085173	8578404920.061626	
344	1000.000000	8578485922.966401	8578405166.615912	
345	1000.000000	8578483257.101091	8578405268.486049	
346	1000.000000	8578483413.650842	8578405443.309149	
347	1000.000000	8578481734.383260	8578404815.319355	
348	1000.000000	8578482003.743616	8578404444.657346	
349	1000.000000	8578481884.803482	8578403872.445436	
350	1000.000000	8578483383.885670	8578403043.646700	
351	1000.000000	8578482158.466188	8578402438.245478	
352	1000.000000	8578484580.864533	8578402503.921452	
353	1000.000000	8578484283.469464	8578403463.745856	
354	1000.000000	8578482590.087707	8578403770.901204	
355	1000.000000	8578481325.332636	8578403963.548945	
356	1000.000000	8578480465.083716	8578403609.207865	
357	1000.000000	8578479402.409476	8578403954.389369	
358	1000.000000	8578479750.730441	8578403327.843913	
359	1000.000000	8578480179.705900	8578403833.331782	
360	1000.000000	8578479021.695770	8578403753.133047	
361	1000.000000	8578479738.287338	8578404027.090835	
362	1000.000000	8578480896.220601	8578403487.387980	
363	1000.000000	8578476079.267490	8578403573.326591	
364	1000.000000	8578476778.544213	8578403900.465581	
365	1000.000000	8578478134.870474	8578403084.756084	
366	1000.000000	8578478294.921945	8578403300.647924	
367	1000.000000	8578476982.015512	8578403158.712134	
368	1000.000000	8578478208.937542	8578403415.294160	
369	1000.000000	8578478432.604830	8578403104.034305	
370	1000.000000	8578479947.026460	8578402668.812864	
371	1000.000000	8578480671.403363	8578402704.925440	
372	1000.000000	8578478607.821366	8578402372.103443	
373	1000.000000	8578480611.291306	8578401773.181418	
374	1000.000000	8578479912.804893	8578402250.046041	
375	1000.000000	8578480268.199045	8578402356.946155	
376	1000.000000	8578480598.115472	8578402187.770600	
377	1000.000000	8578480253.616903	8578402251.555157	
378	1000.000000	8578480430.736300	8578401628.665631	
379	1000.000000	8578480051.200867	8578400904.108795	
380	1000.000000	8578480334.926165	8578400162.323312	
381	1000.000000	8578480452.583837	8578400491.625793	
382	1000.000000	8578477609.446042	8578400000.968757	
383	1000.000000	8578475878.004006	8578399679.112863	
384	1000.000000	8578474911.947911	8578400055.651267	
385	1000.000000	8578473957.922224	8578399822.262379	
386	1000.000000	8578473892.068262	8578399189.383404	
387	1000.000000	8578474911.133455	8578399202.294662	
388	1000.000000	8578472615.801118	8578399072.600394	
389	1000.000000	8578473059.073355	8578399455.285358	
390	1000.000000	8578470210.273699	8578398883.178100	
391	1000.000000	8578470023.784349	8578399358.029842	
392	1000.000000	8578469509.841428	8578399256.767153	
393	1000.000000	8578472644.183894	8578398962.415889	
394	1000.000000	8578469532.429364	8578399198.120536	
395	1000.000000	8578469115.871421	8578398951.961827	
396	1000.000000	8578467431.779831	8578398476.028195	
397	1000.000000	8578470383.735983	8578399090.474757	
398	1000.000000	8578468719.505141	8578398757.459488	
399	1000.000000	8578467995.839596	8578398828.657269	
400	1000.000000	8578468353.180265	8578399057.997297	
401	1000.000000	8578470089.308467	8578399109.001984	
402	1000.000000	8578473418.109242	8578398823.320110	
403	1000.000000	8578471628.641297	8578399163.000794	
404	1000.000000	8578473518.341595	8578399116.045699	
405	1000.000000	8578473385.861736	8578398435.454641	
406	1000.000000	8578473224.092932	8578399226.666264	
407	1000.000000	8578472744.827213	8578398379.812738	
408	1000.000000	8578469167.240580	8578397636.928782	
409	1000.000000	8578466541.071427	8578397543.541999	
410	1000.000000	8578466793.707731	8578397635.848809	
411	1000.000000	8578466401.081050	8578398072.820391	
412	1000.000000	8578464474.106456	8578397746.902042	
413	1000.000000	8578465747.658081	8578398158.805115	
414	1000.000000	8578464813.403268	8578398250.013371	
415	1000.000000	8578464842.714964	8578398440.734899	
416	1000.000000	8578465634.668184	8578398554.053814	
417	1000.000000	8578464539.444040	8578398088.955667	
418	1000.000000	8578464012.811128	8578398384.525305	
419	1000.000000	8578463454.397230	8578397995.908417	
420	1000.000000	8578464865.486063	8578399116.086613	
421	1000.000000	8578469213.621747	8578399321.169023	
422	1000.000000	8578469033.970575	8578399313.156459	
423	1000.000000	8578468327.506564	8578399881.782297	
424	1000.000000	8578466387.774520	8578399919.967684	
425	1000.000000	8578466011.682047	8578400066.349989	
426	1000.000000	8578467671.104568	8578400396.042923	
427	1000.000000	8578467735.744015	8578400364.479399	
428	1000.000000	8578468957.774090	8578400333.966876	
429	1000.000000	8578467459.120414	8578399793.573175	
430	1000.000000	8578470751.884442	8578399696.930076	
431	1000.000000	8578471777.999744	8578399979.492927	
432	1000.000000	8578471133.563709	8578399930.723967	
433	1000.000000	8578470629.125028	8578400269.989749	
434	1000.000000	8578470306.760973	8578400540.447370	
435	1000.000000	8578470625.746672	8578401150.677563	
436	1000.000000	8578469084.892781	8578401315.306174	
437	1000.000000	8578470752.530639	8578400905.921552	
438	1000.000000	8578469532.878139	8578401037.819177	
439	1000.000000	8578466636.090412	8578400711.795389	
440	1000.000000	8578469355.722342	8578401314.434063	
441	1000.000000	8578468201.964236	8578401538.846792	
442	1000.000000	8578470447.413372	8578402148.807348	
443	1000.000000	8578468107.302593	8578401657.436391	
444	1000.000000	8578465555.081279	8578401409.356043	
445	1000.000000	8578466932.132795	8578401046.712840	
446	1000.000000	8578466837.940730	8578400694.319355	
447	1000.000000	8578466199.170119	8578401214.080217	
448	1000.000000	8578466366.858609	8578400802.463451	
449	1000.000000	8578467032.693053	8578401109.745274	
450	1000.000000	8578467946.691031	8578400422.111177	
451	1000.000000	8578467222.395372	8578401094.208714	
452	1000.000000	8578465663.690784	8578401834.831100	
453	1000.000000	8578467035.556619	8578401993.372496	
454	1000.000000	8578466928.981543	8578402328.318510	
455	1000.000000	8578467739.696260	8578402139.950766	
456	1000.000000	8578466550.948520	8578401958.158814	
457	1000.000000	8578465770.583288	8578401647.926850	
458	1000.000000	8578465242.098638	8578400893.645617	
459	1000.000000	8578462853.538385	8578400651.273664	
460	1000.000000	8578465403.925822	8578401181.033213	
461	1000.000000	8578465313.786489	8578401057.792865	
462	1000.000000	8578463817.038218	8578401419.597949	
463	1000.000000	8578464627.013281	8578400666.235457	
464	1000.000000	8578464434.847784	8578400131.440972	
465	1000.000000	8578462063.881216	8578400737.446504	
466	1000.000000	8578461206.633475	8578400702.527836	
467	1000.000000	8578464712.543325	8578401006.675019	
468	1000.000000	8578463726.605833	8578401116.769363	
469	1000.000000	8578464329.796982	8578401220.735914	
470	1000.000000	8578464228.439955	8578401323.458438	
471	1000.000000	8578462993.208634	8578401231.936291	
472	1000.000000	8578463780.638480	8578401562.398271	
473	1000.000000	8578462517.323566	8578401191.645065	
474	1000.000000	8578462367.598051	8578401119.625504	
475	1000.000000	8578462413.804223	8578401787.604145	
476	1000.000000	8578462308.000466	8578401479.770749	
477	1000.000000	8578461659.436975	8578401697.489804	
478	1000.000000	8578461160.391891	8578401230.154673	
479	1000.000000	8578461089.276082	8578400920.599224	
480	1000.000000	8578460989.810465	8578401517.423126	
481	1000.000000	8578460061.345643	8578401280.512167	
482	1000.000000	8578461481.466905	8578402007.871179	
483	1000.000000	8578461788.088108	8578402076.276327	
484	1000.000000	8578459879.577922	8578401809.832168	
485	1000.000000	8578459967.141034	8578401877.149240	
486	1000.000000	8578459641.709771	8578402094.086038	
487	1000.000000	8578459338.144734	8578401619.755717	
488	1000.000000	8578458548.494002	8578401622.278855	
489	1000.000000	8578460225.681894	8578401355.032999	
490	1000.000000	8578458832.130686	8578401645.714416	
491	1000.000000	8578459121.929092	8578401220.363514	
492	1000.000000	8578460690.808143	8578400851.082082	
493	1000.000000	8578460893.121148	8578400272.581171	
494	1000.000000	8578460226.872518	8578400438.133735	
495	1000.000000	8578457841.676919	8578399853.244802	
496	1000.000000	8578457007.724486	8578399807.912546	
497	1000.000000	8578458985.703222	8578400044.196198	
498	1000.000000	8578457794.424426	8578399870.953042	
499	1000.000000	8578458141.226308	8578399851.004116	
