0	57.986609	350.365953	185.817334	
1	67.752265	359.936545	196.558518	
2	78.912595	371.254851	208.692229	
3	79.562003	382.458063	219.155695	
4	84.594973	390.767809	227.824760	
5	91.693316	401.871059	237.635862	
6	100.165435	409.230830	246.440006	
7	108.500749	410.138377	254.787408	
8	121.549628	420.194388	263.992665	
9	127.237234	425.987895	271.685481	
10	133.531751	430.206550	279.013973	
11	136.334117	432.918033	286.114718	
12	146.171017	447.685383	292.889823	
13	144.076475	445.343246	299.481823	
14	150.512837	453.536753	306.308588	
15	160.787629	462.241347	313.604516	
16	168.311994	464.860779	319.591211	
17	170.579905	478.997137	325.940256	
18	179.360119	474.244178	332.484907	
19	188.840927	481.948164	339.224997	
20	194.252114	489.641831	344.187608	
21	202.391129	497.776623	349.053433	
22	200.772958	503.323117	354.677830	
23	199.599467	504.774766	359.868588	
24	200.685773	509.869689	364.451701	
25	205.768959	514.655576	368.979586	
26	217.186594	517.104608	374.741628	
27	219.533489	521.437100	379.552284	
28	231.437384	522.150850	383.342918	
29	225.964785	527.229635	388.039637	
30	234.161926	533.783158	393.243562	
31	240.012391	534.535810	397.780386	
32	240.540923	538.807008	401.721868	
33	251.418907	541.126914	405.523223	
34	257.701115	545.310988	409.576494	
35	261.131462	548.739883	413.049112	
36	260.375538	553.969953	416.259856	
37	263.001015	556.642526	419.714175	
38	269.915338	556.817343	423.539184	
39	262.690181	561.688303	426.588915	
40	275.308095	559.991141	430.993855	
41	284.861594	572.558183	434.125223	
42	284.007972	574.379105	438.520013	
43	279.951059	577.479619	441.943563	
44	289.923454	577.947625	445.692653	
45	301.750153	577.001031	448.399951	
46	299.071314	578.666109	451.335373	
47	307.545000	579.014274	454.811277	
48	307.215136	585.081324	457.568370	
49	306.319323	584.894001	460.730302	
50	313.710697	589.391448	462.736643	
51	313.945700	584.570775	464.831337	
52	320.030203	590.099460	467.333148	
53	315.513704	592.990129	468.827505	
54	322.376941	593.845393	471.267321	
55	324.167470	596.154828	473.833588	
56	333.604581	600.253441	476.665449	
57	329.772608	600.751032	479.020575	
58	331.669296	600.408729	482.703137	
59	338.435088	604.187248	484.923890	
60	340.740718	606.732555	487.503095	
61	346.277680	607.641048	491.040575	
62	347.570494	603.393449	492.345674	
63	362.481764	611.540407	495.100857	
64	364.514071	612.058958	497.714144	
65	370.348474	611.022215	500.110757	
66	365.059587	621.017622	501.772025	
67	369.068736	621.555230	504.575346	
68	369.016748	623.921902	506.855715	
69	360.587041	620.994584	506.870692	
70	371.169179	622.641137	509.086231	
71	368.771191	624.576154	510.871005	
72	368.587315	628.353080	511.860878	
73	376.322557	623.396774	514.522836	
74	380.480847	629.752563	516.190825	
75	381.827891	630.267991	518.029135	
76	383.576526	631.427066	519.358044	
77	380.754939	635.588587	521.420206	
78	387.413787	632.928937	521.987247	
79	389.808905	632.817046	524.440435	
80	393.315777	634.125401	525.758184	
81	394.142169	638.558602	527.863240	
82	395.487193	639.438539	529.840323	
83	397.964010	644.098306	532.510972	
84	400.271921	641.662298	534.927990	
85	396.374395	638.045238	536.016317	
86	398.730807	641.308771	538.102567	
87	410.461957	640.075708	539.932289	
88	412.407900	642.567984	541.353935	
89	408.023952	644.156556	543.646046	
90	412.554792	645.210118	545.789665	
91	417.568536	649.144431	547.012709	
92	426.493553	646.063413	548.544799	
93	425.443065	644.247306	550.271651	
94	428.343674	650.009064	551.316031	
95	430.545590	650.786461	552.874381	
96	437.035177	651.892565	554.010795	
97	435.368508	650.753113	555.685299	
98	433.268802	650.498540	557.829933	
99	433.267298	650.852615	559.077980	
100	434.588599	656.558904	560.081257	
101	448.450559	656.202817	562.005243	
102	445.606065	659.251486	562.812449	
103	453.720401	657.792360	564.514577	
104	447.308107	658.454437	565.830359	
105	446.405198	658.927883	567.333008	
106	456.327591	660.740567	569.131709	
107	457.396532	662.207425	570.403914	
108	452.878451	663.055353	571.319241	
109	452.164520	662.081084	572.218219	
110	459.043569	660.699668	573.600381	
111	462.260551	662.994674	574.380717	
112	456.939222	663.669174	575.486410	
113	463.019744	663.203264	576.404672	
114	460.030724	668.200137	578.080538	
115	470.538646	666.760102	579.415090	
116	471.510632	668.511007	580.459642	
117	470.473170	670.230796	580.153577	
118	471.635233	669.885192	581.595350	
119	467.256682	669.294271	583.272508	
120	468.416536	670.767608	584.699181	
121	475.690157	668.748038	585.555053	
122	473.195638	669.842091	586.666097	
123	477.603089	669.513958	587.859748	
124	479.473650	669.949403	588.856033	
125	478.535365	673.253866	589.407115	
126	484.094272	673.511556	589.857038	
127	486.042935	671.698813	591.195418	
128	487.675514	670.865029	591.408747	
129	488.900113	672.030336	591.956944	
130	490.764954	673.133047	593.315449	
131	492.338638	674.140388	594.626990	
132	493.250415	674.152778	595.850723	
133	494.829961	671.811611	596.689192	
134	494.173177	672.892670	596.938345	
135	497.470009	672.405833	597.481917	
136	499.107569	674.848711	598.159794	
137	500.816198	675.470321	599.496663	
138	498.467470	675.923140	600.597963	
139	503.137513	673.647110	601.810339	
140	502.946909	675.568455	602.956690	
141	504.680670	679.029551	603.696708	
142	502.219110	680.037349	604.208727	
143	509.380269	679.150334	605.267946	
144	507.370488	680.299251	605.434728	
145	506.504942	680.590575	606.397865	
146	509.104307	679.331938	607.593347	
147	509.871288	682.655679	608.186784	
148	512.304710	681.146221	609.205961	
149	511.195439	682.626730	609.636213	
150	514.720931	682.346827	609.446468	
151	511.615755	682.237897	610.093378	
152	511.519944	684.446007	610.695319	
153	513.766918	684.035249	611.095113	
154	512.954183	685.844145	611.125411	
155	509.055265	685.711973	611.799629	
156	511.475276	683.979058	612.990429	
157	517.606512	683.900896	613.866034	
158	517.965594	683.818048	614.889496	
159	519.740754	685.267048	616.218439	
160	520.244960	685.946733	616.314801	
161	519.059108	690.567201	617.618384	
162	523.313653	688.802708	618.040089	
163	525.566674	688.209509	619.622125	
164	524.828532	688.970585	619.594506	
165	525.258691	691.404566	619.614489	
166	528.981086	690.572825	619.504862	
167	531.979297	690.611009	620.470855	
168	529.485600	690.740804	621.188089	
169	532.732165	690.534028	621.722929	
170	534.452733	687.780684	622.347957	
171	533.188424	690.144528	623.022971	
172	535.464649	694.757015	623.814920	
173	533.118694	693.642168	624.601278	
174	533.108256	693.134907	625.537610	
175	540.648158	693.951491	626.494560	
176	537.410081	691.558227	626.358384	
177	535.070921	693.909516	627.600073	
178	534.573508	696.176487	627.917177	
179	540.164147	694.244500	628.181976	
180	539.061025	693.837734	628.568047	
181	539.971871	696.270321	628.741654	
182	543.860179	696.401623	629.689068	
183	542.414074	697.667123	630.340645	
184	542.192145	695.093646	630.745829	
185	545.098402	697.468520	631.809095	
186	542.586068	696.872375	632.272285	
187	541.830299	696.453957	632.899621	
188	539.570025	697.826115	633.067366	
189	543.156063	695.747329	633.369906	
190	545.270711	698.416672	633.572145	
191	542.976189	696.419786	633.935425	
192	544.746059	696.952961	634.650318	
193	543.410662	697.846564	634.799886	
194	547.400232	696.064678	634.960096	
195	549.022647	697.150585	634.886300	
196	544.992368	697.115830	634.953314	
197	549.274521	697.055536	635.472034	
198	548.105233	697.188805	636.256711	
199	549.562991	698.736245	636.921217	
200	549.341871	697.797410	636.932115	
201	551.383523	699.645486	637.460641	
202	552.415606	700.050448	638.126612	
203	553.040077	700.615618	638.594389	
204	553.608404	702.620707	639.659787	
205	556.150713	700.974425	639.678279	
206	554.885361	700.318745	640.753684	
207	552.416349	700.188674	640.973107	
208	553.242831	700.888672	641.387698	
209	553.903687	699.944527	641.764772	
210	553.646037	699.585682	642.309746	
211	555.211859	699.714697	642.367567	
212	558.892380	699.117236	642.518224	
213	559.234441	700.975099	643.160308	
214	559.391630	699.042031	643.287959	
215	559.866249	700.264881	644.221238	
216	559.194180	701.707104	644.598195	
217	557.654951	704.976811	644.570990	
218	561.476319	701.715413	644.616004	
219	559.380022	701.552486	644.954615	
220	557.038342	701.770414	645.484312	
221	561.480013	702.074197	645.956516	
222	562.188246	701.112516	646.508402	
223	564.492549	701.600186	646.503759	
224	568.066950	702.646779	647.478813	
225	565.940967	703.981158	647.947197	
226	569.807250	702.908159	648.821726	
227	568.773488	704.632328	649.095163	
228	571.379809	704.168026	649.344372	
229	573.852971	704.661093	649.482465	
230	570.637351	704.098151	649.576122	
231	572.671206	704.045769	649.607252	
232	570.171863	704.917130	650.117763	
233	571.144622	704.249879	650.329884	
234	570.711577	706.782756	650.839243	
235	571.527795	706.314775	651.416004	
236	571.418485	706.051583	652.264404	
237	576.112342	707.260483	653.632749	
238	579.449538	708.378343	654.423352	
239	581.586760	707.147202	655.098495	
240	580.075511	708.535988	655.503178	
241	581.751065	708.639459	656.223933	
242	580.361319	709.540659	656.633354	
243	582.249677	709.985098	657.092448	
244	584.052032	709.206483	657.024017	
245	586.667706	708.999751	657.243516	
246	586.532102	709.729126	657.770453	
247	587.014351	709.250303	658.526722	
248	586.452678	709.375532	658.843867	
249	586.515022	709.521590	659.120997	
250	584.190722	708.887185	659.515018	
251	587.301066	709.796438	659.878288	
252	587.201844	710.113221	660.018315	
253	589.637717	709.436692	659.994197	
254	588.660850	711.063130	660.497577	
255	587.526003	708.341733	660.654890	
256	589.175424	708.849496	660.775062	
257	591.278001	710.054259	661.342588	
258	592.512170	709.309613	661.836410	
259	591.853574	710.326072	661.927414	
260	591.515735	711.083823	662.515988	
261	588.721688	711.307863	663.226495	
262	589.947779	709.653024	663.023989	
263	589.967346	708.700485	663.129825	
264	585.841959	710.762299	663.041265	
265	587.754708	711.422250	663.591047	
266	591.409309	713.041835	664.178839	
267	596.777575	712.484164	664.456763	
268	595.707289	712.255732	664.833235	
269	591.412981	712.034475	664.932234	
270	591.931016	713.696787	665.056656	
271	592.896046	713.279021	665.534074	
272	595.410196	713.085978	665.979688	
273	595.787968	713.636918	666.318624	
274	593.772995	711.981074	666.395139	
275	595.139922	713.356931	666.728001	
276	595.322569	713.265831	667.350487	
277	601.139242	712.962860	667.994294	
278	598.050017	713.358253	668.393198	
279	598.894847	712.078907	668.617970	
280	600.065033	713.636033	669.022886	
281	602.427705	713.993495	669.489690	
282	599.355916	712.748733	670.014803	
283	600.040994	713.356451	670.718713	
284	600.927362	714.167646	670.708169	
285	601.518167	714.220567	671.067316	
286	604.506074	712.507452	671.245413	
287	606.155298	713.675901	672.031864	
288	606.255294	713.840862	672.414893	
289	608.934643	714.074233	672.861945	
290	609.534730	714.366868	672.987811	
291	610.240196	713.610779	673.194072	
292	610.418052	713.710875	673.398101	
293	613.143952	713.529554	673.972603	
294	611.944723	713.952091	673.797709	
295	613.260739	714.204646	674.084814	
296	613.076366	713.673118	674.110419	
297	611.516590	715.633687	674.092329	
298	611.591221	713.578315	673.983437	
299	608.535333	713.170904	673.989257	
300	610.736177	713.286494	674.349334	
301	609.902376	713.766619	674.529749	
302	610.863862	714.878373	674.576728	
303	607.412508	715.435987	674.718788	
304	609.225150	715.720035	675.489286	
305	613.219782	714.179956	675.453241	
306	610.560934	715.073008	675.938196	
307	612.958800	715.234093	676.321703	
308	612.850195	715.839569	676.574272	
309	615.571334	715.806040	676.859854	
310	615.046474	714.226653	677.269304	
311	618.796700	716.187762	677.658567	
312	616.874734	716.906899	677.734696	
313	615.866089	717.245924	677.582776	
314	617.691947	716.936585	678.307355	
315	618.037948	716.905385	678.183450	
316	614.904081	716.325346	678.216460	
317	616.674523	717.871039	678.318434	
318	614.447775	717.288630	678.397207	
319	614.275586	717.042583	678.330574	
320	615.530197	716.170809	678.724911	
321	618.229675	717.583370	679.219050	
322	614.932160	716.889511	678.942668	
323	612.666595	716.363373	678.811453	
324	616.542283	716.633293	679.029225	
325	614.464972	717.275168	679.338219	
326	613.386265	719.103519	679.630034	
327	614.910782	717.354286	679.719328	
328	615.842379	718.108208	680.176747	
329	617.733994	720.068086	680.378857	
330	616.928040	719.375400	681.123101	
331	617.765822	718.726388	681.332673	
332	616.317664	719.629010	681.217490	
333	615.139606	719.739367	681.501349	
334	615.195605	719.681077	682.078920	
335	615.414208	719.781159	682.301296	
336	613.766914	719.317644	682.934012	
337	616.832222	720.405624	683.036981	
338	617.922168	718.144054	682.921238	
339	622.101774	717.456732	683.373749	
340	621.117436	718.774183	683.298030	
341	622.428195	719.214416	683.584320	
342	622.348484	719.435764	683.764178	
343	621.114221	719.813062	683.722877	
344	625.062460	719.201077	684.090981	
345	624.796701	719.035996	684.212035	
346	623.408736	719.357834	684.485737	
347	624.248741	718.799183	684.522529	
348	625.868391	718.965706	684.921926	
349	626.808455	718.425298	684.528018	
350	625.711366	719.306025	684.932024	
351	624.541018	720.624332	684.686240	
352	623.735077	720.634132	684.963943	
353	621.626261	719.504088	684.997280	
354	624.598345	720.619043	684.738736	
355	624.125983	719.781339	684.875854	
356	624.163958	720.229998	685.402092	
357	623.278662	720.248305	685.182607	
358	621.094101	720.275041	685.412898	
359	622.059402	720.688480	685.788157	
360	621.582029	720.469223	685.666468	
361	622.986159	718.304096	685.981090	
362	621.376973	720.338356	686.199258	
363	621.576478	720.068771	686.396071	
364	627.394973	719.796757	686.727392	
365	627.664007	719.828647	686.804184	
366	629.786777	720.119748	687.088227	
367	630.187266	720.112972	687.355896	
368	632.428933	720.733535	687.901406	
369	629.382883	722.258306	687.857819	
370	629.289350	721.498416	688.305265	
371	632.534959	720.990356	688.562621	
372	630.826335	721.398377	688.787863	
373	629.797018	720.979155	688.845151	
374	633.448783	720.914874	689.453816	
375	630.171195	721.113162	689.238454	
376	630.708112	721.180812	689.188404	
377	629.253039	723.104261	689.217358	
378	625.860457	720.941904	689.153848	
379	628.072544	721.955904	689.455198	
380	628.858586	723.092079	689.637284	
381	627.337709	722.558768	690.020329	
382	626.654502	721.318227	690.213800	
383	629.556843	722.557795	690.167731	
384	629.385738	721.836529	690.457180	
385	629.628782	722.915787	691.007072	
386	628.479491	722.127501	691.086332	
387	631.107129	723.072688	691.492575	
388	632.977203	722.248083	691.885232	
389	632.712976	722.449493	691.903001	
390	633.456787	722.595689	692.016149	
391	632.964273	723.583217	692.201166	
392	635.833226	722.587563	692.700667	
393	636.037074	723.527472	692.676916	
394	634.051932	723.889984	692.487115	
395	631.186530	723.350755	693.002366	
396	630.234110	724.054753	693.136637	
397	635.047393	724.464805	693.331804	
398	634.048262	723.668406	693.541378	
399	636.725099	723.521884	693.544616	
400	636.707236	724.070286	693.852054	
401	640.306610	722.802829	694.094084	
402	638.981287	722.858507	693.899634	
403	636.136500	724.853318	694.225258	
404	637.673268	724.953346	694.423449	
405	637.808823	723.693165	694.050908	
406	636.654248	725.043270	694.313425	
407	635.670018	725.030823	694.306940	
408	640.482553	724.528297	694.218952	
409	640.724128	724.287541	694.324812	
410	634.919607	725.549993	694.399350	
411	640.079333	724.325602	694.476746	
412	637.618489	724.692055	694.877583	
413	641.011922	724.537670	695.285562	
414	641.069652	724.454858	695.694657	
415	642.148554	724.182675	695.730013	
416	642.659676	724.230261	695.911229	
417	642.073555	724.409788	696.124718	
418	644.662579	724.869455	696.475222	
419	641.527849	723.655612	696.560606	
420	642.651506	725.025362	696.553936	
421	643.279007	723.863036	696.727044	
422	645.781113	724.981002	696.816812	
423	645.553620	724.203096	697.084604	
424	646.932712	724.982331	696.868314	
425	645.781054	724.384129	696.774556	
426	645.344903	724.168591	696.821429	
427	643.590332	724.058591	696.864293	
428	644.755573	724.000631	696.729327	
429	643.642155	723.929237	696.879714	
430	645.333055	723.710297	696.986908	
431	647.120007	723.884977	697.112125	
432	649.804045	723.311989	697.333760	
433	646.742394	723.512961	697.338547	
434	649.347829	723.740101	697.457578	
435	650.325042	724.892405	697.559670	
436	647.505315	725.067656	697.655553	
437	650.311838	724.777472	697.787436	
438	649.973096	725.285371	697.634706	
439	651.550454	724.626935	697.756342	
440	648.885562	724.404576	697.662233	
441	647.663058	724.450513	697.427024	
442	648.298100	725.161678	697.429437	
443	645.689798	724.616863	697.434807	
444	645.493214	724.608752	697.152371	
445	648.807105	723.889947	697.523370	
446	647.099087	723.990742	697.662489	
447	647.347764	724.017158	697.553929	
448	646.614641	723.515065	697.702962	
449	645.709974	724.781401	697.531725	
450	647.326472	723.466842	697.167039	
451	645.693685	723.734009	697.062660	
452	643.147654	724.413829	697.104043	
453	645.310328	723.581585	697.082630	
454	641.371262	723.619855	696.870049	
455	643.943608	724.272864	696.965248	
456	642.105103	724.635408	697.118314	
457	641.622454	724.630913	697.006587	
458	643.249247	724.831855	697.120139	
459	640.646092	725.481473	697.087224	
460	641.585075	725.253973	697.124538	
461	641.054685	724.941511	697.317615	
462	645.506046	725.615447	697.700731	
463	641.501250	725.362689	697.787645	
464	640.996279	726.409600	697.708471	
465	641.919635	726.060548	697.545777	
466	643.042198	725.746789	697.420646	
467	643.383085	725.997434	697.445510	
468	641.417189	724.526887	697.472863	
469	641.586627	726.376377	698.049808	
470	643.507974	726.028293	697.761075	
471	643.569848	724.794384	697.653709	
472	648.679303	725.438132	697.850691	
473	647.260289	725.625485	697.772453	
474	647.188213	725.953247	698.203013	
475	647.263761	725.544767	698.208527	
476	645.159970	726.641576	698.366968	
477	644.412393	726.393019	698.227606	
478	645.415489	726.064398	698.242674	
479	645.059001	726.504616	697.962428	
480	645.190416	726.429463	698.006544	
481	646.995652	726.269046	698.284202	
482	649.276301	726.247858	698.427783	
483	646.705479	726.150154	698.410413	
484	644.272921	727.305464	698.233130	
485	644.428031	725.786300	698.410016	
486	648.940858	725.853752	698.063379	
487	646.146069	726.144432	698.085322	
488	644.253264	726.903633	698.108959	
489	644.955894	725.986644	698.027066	
490	644.515847	726.959396	698.022119	
491	642.119226	726.475465	697.862119	
492	643.754067	726.121330	697.881784	
493	643.396032	726.292971	697.988328	
494	647.119331	727.328561	697.917018	
495	648.276678	726.317426	698.490781	
496	645.828115	727.666290	698.691834	
497	645.392079	727.234689	698.690449	
498	645.637851	727.346060	698.680299	
499	646.831721	728.017139	699.057547	
