362.411221,4137398.836991,2049325.255984,
969.652889,4175657.718304,2610215.992609,
977.180954,4206618.358969,2913994.050322,
1000.000000,4218470.772198,3121194.026841,
1000.000000,4229046.150398,3253880.382382,
1000.000000,4215637.093514,3361515.129283,
1000.000000,4232319.570032,3443953.175922,
1000.000000,4237455.596492,3494874.394731,
1000.000000,4247202.028235,3544332.766634,
1000.000000,4253785.955062,3588817.331733,
1000.000000,4253793.507419,3635477.441424,
1000.000000,4245025.506903,3672589.551415,
1000.000000,4260523.883748,3701719.728281,
1000.000000,4248925.745658,3726028.077648,
1000.000000,4255187.167874,3753663.190438,
1000.000000,4269214.620230,3772551.928345,
1000.000000,4271075.477034,3793700.635278,
1000.000000,4269945.336013,3808675.927297,
1000.000000,4273694.597332,3824864.333542,
1000.000000,4271611.264628,3836067.030074,
1000.000000,4269232.792833,3847742.643421,
1000.000000,4273706.713806,3862038.421699,
1000.000000,4279969.481769,3876043.946140,
1000.000000,4278825.822592,3885718.047758,
1000.000000,4277911.772567,3896869.879060,
1000.000000,4277511.664895,3909952.608736,
1000.000000,4277540.166809,3918021.488105,
1000.000000,4278693.718146,3929981.432118,
1000.000000,4280380.027705,3934743.497375,
1000.000000,4283169.102966,3944760.638948,
1000.000000,4284058.044583,3957610.931295,
1000.000000,4281811.696855,3965321.269417,
1000.000000,4284348.510492,3963067.417533,
1000.000000,4285895.203768,3972401.488261,
1000.000000,4285205.635413,3977368.599890,
1000.000000,4286652.743719,3980232.549853,
1000.000000,4281489.031884,3987221.961104,
1000.000000,4286798.914546,3994866.341750,
1000.000000,4289550.486069,3999372.308056,
1000.000000,4290248.698583,4007634.239580,
1000.000000,4287905.120315,4010363.469039,
1000.000000,4287845.271806,4017265.188818,
1000.000000,4290348.542564,4026151.751124,
1000.000000,4290807.630455,4031808.907067,
1000.000000,4292801.319278,4038591.250341,
1000.000000,4292555.315394,4045052.173623,
1000.000000,4290147.296905,4050824.195221,
1000.000000,4291489.936839,4053732.150358,
1000.000000,4286675.453023,4055084.296324,
1000.000000,4290694.445013,4060444.466112,
1000.000000,4291354.739386,4068496.181324,
1000.000000,4291191.720014,4073378.677656,
1000.000000,4290329.339811,4077066.921526,
1000.000000,4292294.507508,4079987.938470,
1000.000000,4294436.870931,4084034.746833,
1000.000000,4292102.095278,4088487.588821,
1000.000000,4293432.228178,4091038.973441,
1000.000000,4294971.741024,4097134.408493,
1000.000000,4294741.182190,4100636.769945,
1000.000000,4293398.545386,4104143.025610,
1000.000000,4291956.828200,4109880.267547,
1000.000000,4291556.775492,4111351.410981,
1000.000000,4290909.052045,4113396.817741,
1000.000000,4291563.111829,4116739.741199,
1000.000000,4292327.320432,4120274.767555,
1000.000000,4291740.507171,4122807.251093,
1000.000000,4291492.280467,4125445.203941,
1000.000000,4289282.903134,4126400.100131,
1000.000000,4290437.822001,4128262.663215,
1000.000000,4291310.901171,4130380.371499,
1000.000000,4290216.675626,4131467.019408,
1000.000000,4290011.858833,4133899.734630,
1000.000000,4292507.680379,4139483.453601,
1000.000000,4291297.765489,4142735.928332,
1000.000000,4289392.171163,4145864.440061,
1000.000000,4291922.594389,4148341.255244,
1000.000000,4291944.666892,4150290.851368,
1000.000000,4290994.695820,4150758.044385,
1000.000000,4292209.700829,4152889.936742,
1000.000000,4293275.011696,4153325.057639,
1000.000000,4292517.148572,4154768.867974,
1000.000000,4290156.039888,4156397.777107,
1000.000000,4289332.211828,4157449.386547,
1000.000000,4291990.713873,4160412.791794,
1000.000000,4291845.916686,4162321.042084,
1000.000000,4291678.814478,4162065.631719,
1000.000000,4290780.796409,4164733.593945,
1000.000000,4290777.671088,4165829.915621,
1000.000000,4287474.806441,4166507.341911,
1000.000000,4287449.947956,4168489.350662,
1000.000000,4290055.094644,4169969.032730,
1000.000000,4290286.661903,4172173.982819,
1000.000000,4289298.170391,4173199.234723,
1000.000000,4289474.898072,4173200.274484,
1000.000000,4289040.223620,4172998.473026,
1000.000000,4290068.524968,4174718.180579,
1000.000000,4290337.753250,4175550.100325,
1000.000000,4290454.575339,4178209.162997,
1000.000000,4289770.431812,4180698.772014,
1000.000000,4288922.647995,4181024.688239,
1000.000000,4289443.367425,4181340.586134,
1000.000000,4290795.577573,4183892.448224,
1000.000000,4289927.983658,4186905.518294,
1000.000000,4289659.617283,4189296.228906,
1000.000000,4289039.433773,4189872.243968,
1000.000000,4288155.814477,4190958.287840,
1000.000000,4289824.028471,4190938.797182,
1000.000000,4289443.880448,4191707.194587,
1000.000000,4289256.082701,4192686.380250,
1000.000000,4290552.361472,4193083.321889,
1000.000000,4290658.610674,4192870.982120,
1000.000000,4290907.323559,4193247.428687,
1000.000000,4291165.802000,4194475.239302,
1000.000000,4289091.358432,4194112.297816,
1000.000000,4288564.737274,4194113.944057,
1000.000000,4288859.034853,4196031.916579,
1000.000000,4288589.419604,4198601.814280,
1000.000000,4288118.664411,4197984.154477,
1000.000000,4288209.495702,4198609.888308,
1000.000000,4287812.667401,4199344.721405,
1000.000000,4289255.408304,4198881.404868,
1000.000000,4289259.093066,4200644.801376,
1000.000000,4289517.543103,4201563.324076,
1000.000000,4288526.458060,4201362.127212,
1000.000000,4288723.589192,4201570.646209,
1000.000000,4287706.690037,4202411.366809,
1000.000000,4287694.985398,4204465.822469,
1000.000000,4288455.052233,4204156.457216,
1000.000000,4288378.089179,4203949.486208,
1000.000000,4288071.472496,4204729.054592,
1000.000000,4288842.656222,4204133.354976,
1000.000000,4288019.129824,4204963.757291,
1000.000000,4287812.413140,4205983.520712,
1000.000000,4288597.750071,4208136.648132,
1000.000000,4288907.702544,4208643.645507,
1000.000000,4288364.684548,4209957.888589,
1000.000000,4288439.275393,4210464.428299,
1000.000000,4287406.677964,4211465.189928,
1000.000000,4286827.776302,4212178.859903,
1000.000000,4288944.683075,4212748.540721,
1000.000000,4288536.770951,4212127.473483,
1000.000000,4288106.577796,4211864.138666,
1000.000000,4288289.017372,4211876.822469,
1000.000000,4287528.827596,4213123.744626,
1000.000000,4287929.384121,4213975.654855,
1000.000000,4287645.456841,4215668.580431,
1000.000000,4287716.348444,4216142.402222,
1000.000000,4288341.760105,4215709.659117,
1000.000000,4287435.786491,4216861.007951,
1000.000000,4287258.949110,4216118.728444,
1000.000000,4287179.979114,4216863.260017,
1000.000000,4286453.979042,4216878.370875,
1000.000000,4287029.642348,4216777.624654,
1000.000000,4286299.752273,4218131.818023,
1000.000000,4285782.665660,4218097.937067,
1000.000000,4285686.407376,4218595.079414,
1000.000000,4286779.174099,4219579.345358,
1000.000000,4287401.022996,4219360.877133,
1000.000000,4286557.240696,4221336.545464,
1000.000000,4286317.992401,4223383.233821,
1000.000000,4287111.642092,4223211.045500,
1000.000000,4287525.014481,4223047.563683,
1000.000000,4286269.092296,4223544.132479,
1000.000000,4286897.429718,4224601.873624,
1000.000000,4287041.386023,4225558.080666,
1000.000000,4287086.668242,4225998.048294,
1000.000000,4287155.174041,4225121.848504,
1000.000000,4286412.290745,4225745.848257,
1000.000000,4285817.286617,4227472.255281,
1000.000000,4286654.318137,4227673.799143,
1000.000000,4286475.253404,4229190.032605,
1000.000000,4286720.693081,4230070.493766,
1000.000000,4287128.011428,4230701.577565,
1000.000000,4287695.429061,4231519.474650,
1000.000000,4287245.379087,4232973.128580,
1000.000000,4286887.520616,4234465.419407,
1000.000000,4287320.166748,4234880.025164,
1000.000000,4287413.565241,4234809.158341,
1000.000000,4287512.832935,4235216.111024,
1000.000000,4286528.097047,4236113.197472,
1000.000000,4286667.373184,4235614.525231,
1000.000000,4286330.859714,4236228.126216,
1000.000000,4286510.611276,4235926.298467,
1000.000000,4287159.731815,4237324.468275,
1000.000000,4287207.881623,4238516.353731,
1000.000000,4287340.680617,4237455.432697,
1000.000000,4286536.026660,4238971.674604,
1000.000000,4287294.326355,4240319.929515,
1000.000000,4288220.232585,4240595.884285,
1000.000000,4288023.714236,4241373.566852,
1000.000000,4287091.821461,4242098.404370,
1000.000000,4286497.312075,4242600.147712,
1000.000000,4286464.395635,4243165.817664,
1000.000000,4286752.107064,4243980.595491,
1000.000000,4287056.919604,4244211.901222,
1000.000000,4287296.686110,4244639.287650,
1000.000000,4286836.144013,4244833.751151,
1000.000000,4286641.286774,4245049.107098,
1000.000000,4286824.044962,4245482.785401,
1000.000000,4287139.240576,4245494.007059,
1000.000000,4286915.921805,4246062.223761,
1000.000000,4287018.787295,4246314.330061,
1000.000000,4286695.070655,4246548.406509,
1000.000000,4286770.420877,4246410.213283,
1000.000000,4286476.422297,4246699.716075,
1000.000000,4286448.637478,4246452.634325,
1000.000000,4286196.355770,4246757.884438,
1000.000000,4286164.090181,4247157.270787,
1000.000000,4285913.372339,4247054.060679,
1000.000000,4285726.739942,4247404.839991,
1000.000000,4285741.503740,4247197.001277,
1000.000000,4285633.312519,4247879.930585,
1000.000000,4284997.234589,4248720.312002,
1000.000000,4284537.663495,4249018.765796,
1000.000000,4285532.709932,4249409.302926,
1000.000000,4284610.065988,4250382.918146,
1000.000000,4284326.819131,4249810.987242,
1000.000000,4284701.190219,4249711.002400,
1000.000000,4283344.060551,4249963.113291,
1000.000000,4283228.096215,4249819.116900,
1000.000000,4283018.888357,4250168.622787,
1000.000000,4283421.710288,4250532.986557,
1000.000000,4284279.610449,4251268.370256,
1000.000000,4284256.989645,4251604.811824,
1000.000000,4283079.062169,4252004.466955,
1000.000000,4284299.007092,4251567.067111,
1000.000000,4284564.891800,4251418.672030,
1000.000000,4283247.760718,4251269.306660,
1000.000000,4284489.149300,4251642.511465,
1000.000000,4282884.481945,4252556.691625,
1000.000000,4283181.038724,4253070.633991,
1000.000000,4283120.031944,4253834.097378,
1000.000000,4283944.830504,4253676.417108,
1000.000000,4284034.116545,4253638.370890,
1000.000000,4282853.814956,4253513.447997,
1000.000000,4282978.012246,4253727.537826,
1000.000000,4282442.971959,4254014.224182,
1000.000000,4282376.403550,4253723.803768,
1000.000000,4282290.778509,4253336.526105,
1000.000000,4282266.381720,4253719.626410,
1000.000000,4282397.605222,4254481.350111,
1000.000000,4282513.971509,4254250.611624,
1000.000000,4282350.899655,4254920.412136,
1000.000000,4282400.792692,4255147.693778,
1000.000000,4282266.574203,4255480.312980,
1000.000000,4282618.753766,4256025.340009,
1000.000000,4282307.627622,4255813.449775,
1000.000000,4282339.135205,4255223.976825,
1000.000000,4282053.097027,4254767.892624,
1000.000000,4282372.258412,4254843.007623,
1000.000000,4282297.819702,4255198.211373,
1000.000000,4282339.539500,4256349.505726,
1000.000000,4282179.599640,4256555.781826,
1000.000000,4282320.588870,4256421.161287,
1000.000000,4282189.058339,4256091.616226,
1000.000000,4282511.408453,4256157.549064,
1000.000000,4282519.326981,4256142.627897,
1000.000000,4282430.253447,4256056.144700,
1000.000000,4282267.188294,4256470.543727,
1000.000000,4281666.244797,4256616.776342,
1000.000000,4281993.190717,4256748.731360,
1000.000000,4281964.294782,4257006.515649,
1000.000000,4281847.060003,4257304.008440,
1000.000000,4282406.605433,4257551.671229,
1000.000000,4282836.796951,4257532.576774,
1000.000000,4282694.525389,4257572.010665,
1000.000000,4282531.237192,4257307.511584,
1000.000000,4281962.371424,4257099.772849,
1000.000000,4281811.207785,4257755.614599,
1000.000000,4280065.302250,4257835.585823,
1000.000000,4279986.087624,4257553.512577,
1000.000000,4279806.227848,4257732.074046,
1000.000000,4279940.119952,4257838.957457,
1000.000000,4279754.048419,4258008.551607,
1000.000000,4279713.154760,4258029.248580,
1000.000000,4279981.059134,4257900.473497,
1000.000000,4279917.384933,4257414.031099,
1000.000000,4279757.968900,4257303.551728,
1000.000000,4279780.388270,4257072.460302,
1000.000000,4279642.158516,4257232.396422,
1000.000000,4278829.763503,4257426.561916,
1000.000000,4278797.915410,4257194.888192,
1000.000000,4278651.236139,4257378.480506,
1000.000000,4278666.657991,4257458.011630,
1000.000000,4278727.930268,4257355.593295,
1000.000000,4278637.302056,4257510.715112,
1000.000000,4278516.579486,4257861.017479,
1000.000000,4278608.963043,4258180.583214,
1000.000000,4278390.242838,4258037.806402,
1000.000000,4278758.659181,4257739.353209,
1000.000000,4278616.181044,4258061.820179,
1000.000000,4278474.540209,4258212.877836,
1000.000000,4278434.063106,4258518.198920,
1000.000000,4278609.217823,4259093.295703,
1000.000000,4278250.430217,4259182.777451,
1000.000000,4278388.685966,4259329.209951,
1000.000000,4278562.114104,4259300.424145,
1000.000000,4278665.365369,4259637.629933,
1000.000000,4278686.119791,4259651.513877,
1000.000000,4278200.197569,4259915.022724,
1000.000000,4278194.200348,4259705.231343,
1000.000000,4278532.571183,4259720.095464,
1000.000000,4278359.261484,4259760.735276,
1000.000000,4278603.044594,4259717.445564,
1000.000000,4278347.231624,4259731.166932,
1000.000000,4278151.799700,4259615.784801,
1000.000000,4278104.165705,4259331.416974,
1000.000000,4277890.182610,4259884.997506,
1000.000000,4277978.903755,4259911.476140,
1000.000000,4277869.661263,4259801.439500,
1000.000000,4278109.958334,4259949.099699,
1000.000000,4278057.952691,4259739.627466,
1000.000000,4278129.944505,4259909.697794,
1000.000000,4278084.296445,4259757.502370,
1000.000000,4278043.035665,4259906.222666,
1000.000000,4278080.041009,4260135.933608,
1000.000000,4278163.703780,4260146.252247,
1000.000000,4278128.019735,4260391.224764,
1000.000000,4278052.344686,4260555.694345,
1000.000000,4278085.683600,4260785.380726,
1000.000000,4278473.510313,4260627.784040,
1000.000000,4277673.427874,4260923.464060,
1000.000000,4278006.730990,4260754.412912,
1000.000000,4277715.059272,4260612.197212,
1000.000000,4277586.464403,4260489.460408,
1000.000000,4277613.041723,4260244.968641,
1000.000000,4277487.064732,4260200.289250,
1000.000000,4277628.040573,4260411.902235,
1000.000000,4277586.626349,4259961.447488,
1000.000000,4277444.455328,4260323.906575,
1000.000000,4277374.603148,4260426.935065,
1000.000000,4277598.043643,4260140.740455,
1000.000000,4277566.516390,4260401.601840,
1000.000000,4277258.504006,4260975.141290,
1000.000000,4277436.336432,4260754.204056,
1000.000000,4277303.661285,4260814.162575,
1000.000000,4277434.431920,4261026.614072,
1000.000000,4277074.647670,4260756.838700,
1000.000000,4276992.341761,4260756.570108,
1000.000000,4276810.976309,4261021.551799,
1000.000000,4277013.589343,4260712.386868,
1000.000000,4277121.059547,4260376.422957,
1000.000000,4277087.869108,4260362.595621,
1000.000000,4277109.959575,4260595.823029,
1000.000000,4276623.372891,4260925.340362,
1000.000000,4276679.490263,4260931.822269,
1000.000000,4276657.403289,4260908.869908,
1000.000000,4276663.017357,4261033.109447,
1000.000000,4278169.679170,4260749.945743,
1000.000000,4278260.423620,4260913.302953,
1000.000000,4278433.089448,4260810.200460,
1000.000000,4277953.069250,4260740.962926,
1000.000000,4277998.081227,4260897.684371,
1000.000000,4277674.149691,4260757.554185,
1000.000000,4277027.639846,4260829.428394,
1000.000000,4277435.214996,4260558.433110,
1000.000000,4277349.787308,4260818.712148,
1000.000000,4277409.010083,4260850.028062,
1000.000000,4277760.103919,4260810.896566,
1000.000000,4277808.899547,4260931.539942,
1000.000000,4278034.692238,4260624.536339,
1000.000000,4276856.783212,4260713.609858,
1000.000000,4276775.432827,4260826.871412,
1000.000000,4276684.943521,4260885.132399,
1000.000000,4276643.755187,4261041.586683,
1000.000000,4276468.652857,4260904.794118,
1000.000000,4275924.995637,4260720.065104,
1000.000000,4275271.803414,4260665.375605,
1000.000000,4275032.293145,4260698.413383,
1000.000000,4275034.680111,4260301.363933,
1000.000000,4275026.175800,4260431.229508,
1000.000000,4275011.552540,4260440.814278,
1000.000000,4275094.060866,4260834.031706,
1000.000000,4275051.753769,4260760.261539,
1000.000000,4275028.096827,4260977.492454,
1000.000000,4275060.900756,4260866.067146,
1000.000000,4274937.416892,4261092.670489,
1000.000000,4274852.612369,4261066.726281,
1000.000000,4273617.561046,4260814.133205,
1000.000000,4273706.057782,4260652.391636,
1000.000000,4273712.958568,4260374.941054,
1000.000000,4273667.722197,4260567.676816,
1000.000000,4273498.115722,4260869.516483,
1000.000000,4273648.389922,4260683.179615,
1000.000000,4273930.123130,4260692.787882,
1000.000000,4273993.984593,4260790.092440,
1000.000000,4273959.488194,4260899.954029,
1000.000000,4273957.620058,4260962.688258,
1000.000000,4273996.488914,4260994.641232,
1000.000000,4273722.007574,4261010.416462,
1000.000000,4273672.744222,4260899.425134,
1000.000000,4273609.158696,4260903.208273,
1000.000000,4273493.477647,4261098.415859,
1000.000000,4273444.134371,4261166.155419,
1000.000000,4273611.784702,4261196.567933,
1000.000000,4273631.179939,4261149.345025,
1000.000000,4273620.173773,4261417.023371,
1000.000000,4273414.613916,4261410.388324,
1000.000000,4273300.721547,4261443.696789,
1000.000000,4273349.744843,4261618.747876,
1000.000000,4273349.221110,4261671.331423,
1000.000000,4273318.820121,4261852.863874,
1000.000000,4272939.784657,4262043.136338,
1000.000000,4273009.854767,4262092.613851,
1000.000000,4273053.121007,4262084.521371,
1000.000000,4272904.503985,4261969.729911,
1000.000000,4273064.390390,4261889.651956,
1000.000000,4273064.385070,4261068.362348,
1000.000000,4273287.629396,4261711.744872,
1000.000000,4273372.253406,4261747.495372,
1000.000000,4273265.547898,4261733.475374,
1000.000000,4273259.174284,4261839.188012,
1000.000000,4273372.232383,4261884.967675,
1000.000000,4273434.770169,4261931.555487,
1000.000000,4273211.035616,4262053.692096,
1000.000000,4273142.971065,4262129.190715,
1000.000000,4273210.249660,4262100.961974,
1000.000000,4273210.225336,4261765.522108,
1000.000000,4273189.987531,4261815.862740,
1000.000000,4273060.435660,4261979.587839,
1000.000000,4272986.931763,4261796.816250,
1000.000000,4272824.315101,4261194.781573,
1000.000000,4272860.873642,4261128.308329,
1000.000000,4272750.082742,4261589.972860,
1000.000000,4272594.816512,4260999.763539,
1000.000000,4272679.146168,4261865.314473,
1000.000000,4272360.928326,4261878.981540,
1000.000000,4272358.167149,4261955.346135,
1000.000000,4272501.760816,4261801.575859,
1000.000000,4272497.626235,4261736.170695,
1000.000000,4272393.532271,4261582.702393,
1000.000000,4272393.532271,4261605.022147,
1000.000000,4272375.711210,4261473.799252,
1000.000000,4272570.519673,4261392.451795,
1000.000000,4272570.519673,4261369.915922,
1000.000000,4272557.439695,4261574.656539,
1000.000000,4272520.702856,4261611.089688,
1000.000000,4272275.880872,4261699.961598,
1000.000000,4272310.858819,4261735.171826,
1000.000000,4272626.219257,4261904.966665,
1000.000000,4272393.653196,4261419.681974,
1000.000000,4272148.485680,4262266.525547,
1000.000000,4272531.903913,4262448.215736,
1000.000000,4272094.641035,4261884.859927,
1000.000000,4271969.931587,4261885.639039,
1000.000000,4272656.397399,4261954.267538,
1000.000000,4271415.713835,4262380.629647,
1000.000000,4271726.047453,4262125.279626,
1000.000000,4271661.967371,4261706.089306,
1000.000000,4272061.123499,4262019.354770,
1000.000000,4272042.694700,4261830.940212,
1000.000000,4271884.341025,4262169.671157,
1000.000000,4271796.330698,4262646.835841,
1000.000000,4271799.093206,4262278.241912,
1000.000000,4271881.602087,4262408.960730,
1000.000000,4272155.484079,4262381.712642,
1000.000000,4271862.644002,4262445.236589,
1000.000000,4271864.636593,4262436.005470,
1000.000000,4271792.662161,4261873.972383,
1000.000000,4271773.838886,4262426.892243,
1000.000000,4271769.708632,4262408.837945,
1000.000000,4271670.306654,4262458.619002,
1000.000000,4271667.590090,4262520.622507,
1000.000000,4271823.996377,4261832.416500,
1000.000000,4271796.621339,4262486.204554,
1000.000000,4271806.810604,4262510.310008,
1000.000000,4271880.697864,4262702.447278,
1000.000000,4271722.366429,4262847.928513,
1000.000000,4271798.181678,4262961.464190,
1000.000000,4271821.778458,4263014.301056,
1000.000000,4271969.110592,4263070.819408,
1000.000000,4271578.247306,4263255.218567,
1000.000000,4271367.517829,4263485.986227,
1000.000000,4271367.517829,4263529.100695,
1000.000000,4271559.809818,4263497.640740,
1000.000000,4271468.877610,4263412.749168,
1000.000000,4271316.047620,4263279.598612,
1000.000000,4271714.677060,4263129.701979,
1000.000000,4271638.386608,4263168.109887,
1000.000000,4271641.146375,4263300.453164,
1000.000000,4271638.385198,4263244.950966,
1000.000000,4271727.492117,4263898.228065,
1000.000000,4271678.097053,4263968.867728,
1000.000000,4271669.866207,4263869.506817,
1000.000000,4271725.888421,4263902.732833,
1000.000000,4271771.529517,4263650.905353,
1000.000000,4271551.261663,4263587.076009,
1000.000000,4271653.221360,4263613.630474,
1000.000000,4271647.700443,4263818.992181,
1000.000000,4271654.908920,4263905.698662,
1000.000000,4271747.511952,4263863.276030,
1000.000000,4271770.745008,4263857.565109,
1000.000000,4271902.990413,4263925.623878,
1000.000000,4271826.002083,4263989.843029,
1000.000000,4271820.472450,4264040.633843,
1000.000000,4271766.321799,4263871.549771,
1000.000000,4271725.112643,4264183.904598,
1000.000000,4271722.351519,4264189.506226,
1000.000000,4271589.407577,4264205.966557,
1000.000000,4271586.647810,4264174.517232,
