2.296287,67.905407,31.635051,
4.464657,70.026310,36.188303,
5.154410,71.394797,39.631312,
7.995070,72.400857,42.575566,
9.290083,73.215383,45.051657,
11.304483,73.332273,47.134155,
12.110950,73.337033,48.788794,
12.323377,74.725753,50.002976,
15.194750,74.351850,51.342871,
14.740673,74.388163,52.390433,
14.841790,74.619447,53.382046,
17.269827,75.052420,54.293347,
18.573270,75.402467,55.172585,
18.198113,75.726293,55.892709,
19.259493,75.726990,56.336867,
18.726937,75.896963,56.881090,
22.436123,75.732247,57.664240,
21.279400,75.518427,58.326942,
22.683360,76.053340,58.641686,
24.138620,75.861957,59.101432,
23.285203,76.021383,59.489505,
25.530867,76.021047,60.122400,
25.223980,76.019070,60.337436,
22.256650,75.998350,60.682156,
25.053670,76.416667,61.050686,
26.621850,76.439290,61.399711,
28.911840,76.475737,61.787238,
28.035380,76.505760,62.108696,
25.761487,76.437307,62.534377,
27.096497,76.438350,63.071376,
28.597673,76.394620,63.325847,
31.086000,76.516127,63.398367,
29.744953,76.427677,63.482571,
30.160370,76.431547,63.718077,
32.025880,76.440693,64.022491,
31.660083,76.486213,64.193071,
32.572293,76.412087,64.666077,
32.816467,76.768977,64.910506,
34.330233,76.640113,65.028671,
34.498610,76.773200,65.192464,
33.976637,76.747573,65.246368,
35.503400,76.968247,65.359010,
34.625767,77.009120,65.726754,
35.110750,76.860827,65.905182,
36.119547,76.846080,66.468453,
36.436027,76.990150,66.634999,
37.811143,76.784700,67.014719,
39.645040,76.981850,67.250175,
40.998067,77.122377,67.583860,
41.899543,77.030083,67.936174,
42.479183,77.055093,68.104238,
42.490873,76.916083,68.290056,
44.963640,77.069637,68.537895,
44.224627,77.175093,68.739795,
45.946810,77.178843,68.935193,
45.379267,77.098210,69.116294,
44.344360,77.330733,69.286798,
46.998087,77.152143,69.534688,
48.404353,77.090367,69.808496,
48.271207,77.234597,69.906088,
47.864360,77.256753,69.983844,
48.716723,77.311673,70.132114,
49.529517,77.374503,70.303827,
50.338090,77.397280,70.365151,
50.585983,77.431260,70.646259,
50.925100,77.323640,70.678712,
51.568587,77.343273,70.841740,
51.533647,77.420550,71.062430,
53.115100,77.413150,71.149730,
52.964110,77.493750,71.090395,
52.418143,77.528683,71.260543,
53.395477,77.395610,71.335699,
54.220220,77.447757,71.379052,
55.351210,77.437327,71.579713,
55.545017,77.441130,71.741492,
54.705477,77.504760,71.914800,
56.123650,77.498100,72.056414,
57.306983,77.416107,72.155668,
56.902697,77.447403,72.206484,
56.827843,77.524933,72.208871,
57.728920,77.418013,72.281391,
57.679863,77.517807,72.373607,
59.460147,77.588697,72.519706,
59.875943,77.599013,72.629130,
59.400310,77.673640,72.733624,
58.870447,77.672840,72.814427,
60.286297,77.554843,72.893479,
60.002187,77.675870,72.898298,
59.420243,77.645480,72.900074,
59.531803,77.577973,72.864052,
59.525140,77.598607,72.965122,
59.420933,77.514657,73.000144,
58.803443,77.548043,73.048418,
59.316007,77.662790,73.173775,
59.588997,77.646200,73.386428,
59.391353,77.625820,73.519624,
60.599260,77.646960,73.560001,
61.595090,77.673300,73.625683,
62.162223,77.575750,73.673865,
61.800787,77.582517,73.621616,
62.145103,77.690523,73.742182,
62.021340,77.673307,73.792488,
63.523240,77.599273,73.857116,
63.482810,77.666227,73.891869,
63.439163,77.635790,73.875944,
63.768603,77.690137,73.961991,
62.121493,77.683123,73.992660,
61.625850,77.686373,73.985323,
62.454083,77.672680,73.972213,
61.703520,77.716597,74.047655,
62.360433,77.676043,74.049791,
63.230503,77.639333,74.067096,
64.189100,77.642770,74.083637,
63.244980,77.582150,74.203291,
63.521390,77.588803,74.231256,
62.977860,77.545267,74.298526,
63.176380,77.588990,74.374951,
64.176907,77.616003,74.405762,
63.775553,77.554877,74.431434,
64.727890,77.564967,74.526321,
64.420303,77.663437,74.597454,
64.112423,77.649717,74.662401,
64.710470,77.626487,74.682711,
64.567787,77.588957,74.685078,
65.269960,77.626060,74.704192,
64.598137,77.639447,74.729476,
65.446490,77.612600,74.764553,
64.567487,77.615717,74.819289,
65.752517,77.612620,74.884652,
66.450503,77.673367,74.955472,
67.862507,77.646093,74.982996,
67.487477,77.636417,75.021630,
67.243507,77.616163,75.014302,
68.470017,77.642850,75.064442,
68.069543,77.619293,75.079521,
67.667243,77.636197,75.100502,
66.868747,77.632520,75.138212,
67.819750,77.632600,75.190682,
66.862130,77.578533,75.148059,
67.859783,77.612513,75.165830,
68.268830,77.629343,75.207614,
66.630103,77.612547,75.225896,
67.864503,77.602383,75.244755,
68.013437,77.578360,75.259976,
69.046930,77.585313,75.294910,
68.414697,77.555103,75.304720,
68.249650,77.568777,75.322786,
68.315313,77.602510,75.343284,
68.666663,77.541657,75.334162,
68.207367,77.511300,75.372919,
66.203240,77.565360,75.398771,
67.178257,77.565220,75.454259,
66.440477,77.578860,75.471060,
68.865717,77.555283,75.483822,
68.887587,77.575537,75.504103,
68.028067,77.531727,75.529886,
68.484527,77.555343,75.572773,
68.108963,77.536303,75.591884,
68.944613,77.536450,75.660780,
68.940513,77.560373,75.672504,
68.543570,77.560493,75.685488,
68.530530,77.584237,75.704083,
68.654890,77.574053,75.735397,
69.517363,77.533600,75.711367,
67.782550,77.537023,75.740138,
68.239423,77.530283,75.750787,
68.151080,77.513360,75.761581,
70.041923,77.523263,75.798318,
71.899883,77.492987,75.823928,
70.488800,77.525287,75.838941,
71.351653,77.479247,75.843278,
70.057940,77.513367,75.868039,
70.223683,77.513033,75.885270,
71.273713,77.509570,75.898844,
70.880403,77.496043,75.895952,
70.409350,77.496223,75.903671,
70.847313,77.526733,75.948120,
70.408007,77.529950,75.950828,
69.803807,77.526560,75.940722,
70.171740,77.516650,75.927373,
69.319113,77.553540,75.952983,
69.343273,77.516250,75.962184,
71.057887,77.560620,75.962722,
71.204393,77.533593,75.988343,
71.099403,77.539973,76.024333,
70.769437,77.546947,76.062149,
68.988110,77.530037,76.059147,
70.169907,77.509850,76.036192,
70.153260,77.560413,76.024587,
70.955957,77.553673,76.032298,
68.147417,77.533227,76.050379,
70.748703,77.540193,76.072231,
70.823023,77.560480,76.121429,
71.410603,77.553533,76.152446,
71.253283,77.556903,76.168777,
71.504737,77.512913,76.196680,
72.031590,77.506107,76.214171,
70.693557,77.543337,76.230544,
69.453810,77.529797,76.224899,
71.219953,77.540060,76.219395,
71.018263,77.540067,76.248224,
70.486253,77.526473,76.240605,
71.450723,77.536557,76.260436,
71.549113,77.546833,76.263422,
71.573517,77.546847,76.281379,
71.621430,77.563883,76.275826,
72.530103,77.560467,76.311368,
71.937147,77.553613,76.308397,
71.494647,77.540340,76.317752,
71.585767,77.553513,76.322681,
72.329470,77.550163,76.336515,
72.490417,77.543437,76.346367,
70.432380,77.540020,76.345723,
72.031427,77.556857,76.358556,
72.845833,77.526387,76.362383,
72.085670,77.546840,76.373120,
71.277913,77.543450,76.387594,
71.655737,77.543310,76.398711,
71.793990,77.557010,76.409213,
70.243517,77.567100,76.414387,
71.349590,77.573827,76.456255,
72.151687,77.573800,76.454578,
72.788343,77.567213,76.484477,
71.963497,77.543463,76.463487,
71.744837,77.536750,76.452468,
69.900547,77.546653,76.462117,
71.790507,77.570377,76.485013,
71.116257,77.546620,76.492337,
70.374673,77.533113,76.501038,
70.822953,77.539953,76.518855,
71.136643,77.550130,76.509719,
70.722867,77.543343,76.523828,
71.691780,77.546987,76.525077,
71.941313,77.536810,76.523497,
72.025603,77.563723,76.532234,
69.894237,77.550163,76.532426,
71.181183,77.553733,76.527657,
71.062033,77.540200,76.551457,
71.729973,77.543597,76.536102,
70.702447,77.540213,76.522951,
71.285340,77.540193,76.539857,
70.880760,77.530330,76.542495,
72.440980,77.520160,76.558041,
71.311310,77.520167,76.553807,
70.542930,77.492927,76.562046,
72.701783,77.482777,76.580030,
72.921643,77.492847,76.593595,
71.826967,77.455603,76.587561,
71.638543,77.455570,76.608027,
70.780470,77.441963,76.585085,
72.241237,77.448737,76.598746,
71.879730,77.452060,76.594582,
71.563777,77.469037,76.596731,
71.586243,77.445253,76.620935,
71.883233,77.438487,76.616393,
72.669827,77.441903,76.620446,
72.689813,77.452120,76.626249,
73.022167,77.441917,76.639265,
74.249903,77.469077,76.650158,
73.777010,77.462423,76.647972,
72.282990,77.462370,76.645498,
71.968490,77.469077,76.642800,
73.117373,77.496043,76.640221,
72.765533,77.499740,76.619183,
73.242950,77.496157,76.634239,
72.020500,77.465480,76.654520,
71.544297,77.489223,76.663475,
72.667813,77.506220,76.679802,
72.584063,77.512740,76.676391,
70.687553,77.485920,76.676304,
71.021677,77.492620,76.688181,
72.435907,77.505900,76.709204,
71.730177,77.516110,76.708101,
73.235233,77.516170,76.724154,
72.751213,77.512953,76.739208,
73.711693,77.516323,76.747029,
73.266937,77.492900,76.769126,
73.649880,77.479253,76.797321,
73.637520,77.459187,76.800945,
73.632527,77.472740,76.808294,
70.383227,77.482670,76.788827,
70.988613,77.492973,76.780910,
70.185470,77.482783,76.765108,
71.394647,77.482783,76.789297,
71.326823,77.501357,76.802043,
71.453320,77.472473,76.809453,
73.799157,77.472473,76.823744,
72.490930,77.462330,76.820268,
71.312757,77.472507,76.805678,
72.040120,77.472500,76.807422,
71.494280,77.475883,76.792298,
70.461897,77.469070,76.788848,
69.707393,77.475850,76.777319,
72.305420,77.462650,76.783615,
69.060100,77.455603,76.774923,
71.575677,77.448803,76.801490,
70.929670,77.455583,76.799912,
73.042663,77.449117,76.836623,
73.632103,77.445740,76.840317,
73.830253,77.469443,76.841717,
71.230853,77.435643,76.833788,
71.869667,77.422070,76.817536,
73.756850,77.425527,76.843631,
72.457127,77.425340,76.854648,
72.696160,77.438740,76.855770,
72.394193,77.448923,76.863586,
74.056633,77.435463,76.881231,
74.882887,77.438873,76.882078,
73.383513,77.442230,76.872843,
73.602200,77.435263,76.869021,
73.852997,77.442157,76.869944,
72.816527,77.442103,76.861003,
73.354530,77.438767,76.870372,
72.452047,77.418413,76.855371,
73.540370,77.411580,76.856232,
72.407647,77.452020,76.856219,
70.533033,77.408250,76.848915,
71.540767,77.428450,76.853145,
72.397273,77.404680,76.847607,
72.030530,77.431880,76.852048,
71.636840,77.431840,76.849484,
72.297083,77.398067,76.859872,
73.393677,77.404793,76.872850,
71.997017,77.401410,76.863290,
72.414483,77.408230,76.855246,
72.821423,77.408210,76.870105,
72.659623,77.414990,76.888909,
72.709923,77.408183,76.884335,
72.169000,77.398060,76.883236,
69.395517,77.398007,76.873529,
70.300013,77.408197,76.884472,
69.028033,77.404787,76.866492,
70.276273,77.401363,76.883388,
68.925793,77.408157,76.856105,
70.045647,77.414937,76.858895,
69.330437,77.404700,76.876458,
71.477243,77.394837,76.887700,
71.441207,77.408290,76.879313,
69.923797,77.421650,76.878220,
69.707743,77.418320,76.881685,
71.125280,77.398160,76.894561,
71.534643,77.384540,76.897574,
72.391533,77.384560,76.901877,
71.902020,77.384547,76.879664,
71.366850,77.374490,76.867091,
71.694560,77.377880,76.881491,
71.267950,77.400943,76.880743,
70.047440,77.394443,76.890682,
70.459910,77.397820,76.886835,
71.929370,77.394423,76.880110,
71.593623,77.391027,76.892277,
70.471943,77.384327,76.870828,
72.657393,77.387690,76.889316,
71.915003,77.387637,76.889092,
71.939227,77.364240,76.885024,
72.558157,77.357707,76.889395,
73.077123,77.361057,76.883139,
73.504710,77.371107,76.897099,
73.662670,77.367850,76.910953,
72.404607,77.367910,76.900502,
72.712103,77.374597,76.921273,
72.673210,77.381383,76.907949,
73.097017,77.377993,76.919725,
71.728753,77.371187,76.934098,
72.023387,77.374610,76.928329,
72.063740,77.371227,76.942384,
71.734617,77.364420,76.940340,
72.424657,77.364427,76.954245,
72.196673,77.364440,76.943344,
73.390800,77.367823,76.952891,
74.627210,77.371213,76.964393,
74.855227,77.364400,76.975419,
74.667833,77.367777,76.972796,
74.759373,77.354230,76.967242,
74.320390,77.354230,76.956888,
74.000000,77.354230,76.968533,
73.417047,77.387843,76.961906,
73.074343,77.384493,76.960513,
73.841703,77.381117,76.950018,
74.803913,77.384507,76.951694,
74.811600,77.381117,76.954065,
74.197423,77.408090,76.960778,
73.834790,77.381083,76.960757,
73.375007,77.357573,76.953605,
73.477597,77.354190,76.961654,
71.620867,77.367823,76.952452,
73.266620,77.361063,76.934287,
72.736767,77.364473,76.937037,
72.134550,77.364213,76.921411,
70.905677,77.364187,76.905907,
71.536580,77.364187,76.910310,
71.313103,77.364147,76.907245,
71.651107,77.364147,76.895778,
72.039150,77.364160,76.905784,
72.688603,77.364173,76.898720,
73.124220,77.370960,76.929085,
72.253810,77.374370,76.937466,
73.951007,77.370980,76.943762,
74.201260,77.357647,76.954266,
71.781850,77.360863,76.942719,
73.410200,77.350907,76.959413,
73.956237,77.350887,76.956776,
73.298890,77.354157,76.965531,
73.351830,77.357533,76.970587,
73.388313,77.347483,76.973090,
72.550930,77.350873,76.977025,
73.606267,77.371020,76.979290,
73.731423,77.367643,76.990446,
72.435177,77.371073,76.988403,
72.881313,77.367697,76.986482,
73.352490,77.367697,76.985192,
73.024333,77.360910,76.987566,
73.045303,77.364280,76.992678,
74.638690,77.370940,77.000600,
74.219740,77.350847,77.004551,
74.419043,77.364300,77.012528,
74.741003,77.364300,77.007120,
74.579650,77.364300,77.003463,
74.476167,77.357407,76.975557,
73.629283,77.364193,76.975521,
72.862183,77.364200,76.975509,
74.348623,77.371000,76.991605,
73.245753,77.371000,76.995150,
72.618807,77.374397,76.999886,
72.353873,77.350827,76.998610,
73.251520,77.344053,77.012356,
73.076470,77.397707,77.003049,
72.603407,77.390933,77.006610,
72.661843,77.404507,77.010113,
73.306410,77.394330,77.008028,
72.433017,77.330467,77.002025,
71.712560,77.340630,76.993788,
71.645717,77.333830,76.990789,
71.842423,77.333830,76.997423,
70.646783,77.340677,76.999461,
69.691317,77.344040,76.994999,
70.700707,77.347403,77.005412,
71.379083,77.340590,77.016949,
73.466647,77.337187,77.033737,
75.403603,77.343987,77.029876,
72.405467,77.347277,77.013309,
72.450693,77.337173,77.012161,
71.481047,77.333837,76.993721,
70.812083,77.370087,77.006790,
71.786457,77.373497,77.011577,
71.433920,77.359957,76.984710,
72.668090,77.333850,77.019361,
70.281447,77.340583,77.009782,
70.818887,77.337260,77.001176,
72.273523,77.344060,77.003509,
72.924070,77.333837,77.029928,
73.395010,77.337247,77.034358,
73.597450,77.344060,77.030122,
73.723313,77.333837,77.025170,
73.180060,77.347450,77.017849,
73.189463,77.333863,77.010443,
73.446027,77.340650,77.007636,
73.081377,77.350873,76.990252,
71.305120,77.330487,77.001178,
71.395733,77.327077,77.003710,
67.326047,77.327077,76.989451,
70.229500,77.333837,76.973850,
69.775107,77.320290,76.994731,
70.608583,77.323700,77.004373,
71.909203,77.320290,77.010235,
72.378930,77.320290,77.015790,
71.969947,77.320290,77.006384,
71.985423,77.323720,76.999750,
71.999987,77.327110,77.008616,
72.740140,77.327137,77.021779,
71.150457,77.323720,77.012428,
71.479143,77.327130,77.014394,
71.510497,77.344067,77.000299,
70.469213,77.333843,76.981617,
70.567790,77.337213,76.977101,
70.321207,77.372877,76.974189,
69.633023,77.330453,76.971310,
68.695493,77.337253,76.962036,
71.218747,77.379683,76.976804,
70.834217,77.367483,76.994283,
71.562993,77.367410,76.981737,
69.490347,77.394257,76.978179,
71.656170,77.397660,77.003208,
73.076313,77.390900,77.013929,
72.249377,77.404487,77.019736,
72.199027,77.367357,77.023324,
72.831617,77.374170,77.025044,
72.405843,77.370953,77.031171,
70.784573,77.367577,77.022704,
68.616817,77.357340,77.011750,
70.207557,77.387623,77.032186,
71.847663,77.397773,77.030985,
71.017850,77.414697,77.028426,
70.625530,77.387650,77.016473,
72.528567,77.394383,77.037023,
71.122010,77.397793,77.040587,
72.942280,77.367317,77.053954,
73.441467,77.407610,77.045267,
73.556910,77.371007,77.050353,
73.106337,77.357393,77.038169,
