-10.633333,21.866667,7.778667,
-5.500000,23.300000,10.622333,
-2.766667,23.666667,12.497333,
-0.900000,24.333333,14.000167,
1.700000,24.666667,15.196000,
2.133333,25.433333,16.180333,
3.466667,25.533333,16.963500,
5.566667,25.833333,17.690167,
6.166667,25.866667,18.299167,
7.333333,26.066667,18.822000,
8.033333,26.000000,19.311000,
8.833333,26.233333,19.770333,
9.500000,26.133333,20.148500,
10.400000,26.500000,20.494500,
10.866667,26.566667,20.788000,
11.533333,26.666667,21.077167,
11.866667,26.700000,21.313167,
12.533333,26.766667,21.511333,
12.666667,26.733333,21.669167,
13.666667,26.733333,21.838000,
13.800000,26.800000,22.050333,
14.033333,26.933333,22.203167,
14.166667,27.066667,22.391000,
14.433333,27.233333,22.561667,
14.866667,27.266667,22.675000,
15.666667,27.233333,22.766167,
15.566667,27.133333,22.862000,
15.800000,27.400000,23.013167,
16.033333,27.333333,23.108000,
16.000000,27.366667,23.221833,
16.233333,27.366667,23.353500,
16.000000,27.433333,23.427333,
16.433333,27.566667,23.498667,
16.966667,27.466667,23.587333,
16.833333,27.466667,23.637500,
17.166667,27.533333,23.741667,
17.233333,27.433333,23.825000,
17.600000,27.700000,23.904167,
17.900000,27.666667,23.966167,
18.066667,27.766667,24.009167,
18.200000,27.666667,24.076500,
18.433333,27.766667,24.135667,
18.433333,27.766667,24.191167,
18.500000,27.766667,24.265000,
18.533333,27.800000,24.348000,
18.700000,27.933333,24.405000,
18.866667,27.933333,24.472500,
19.033333,27.933333,24.542167,
19.366667,27.966667,24.578667,
19.533333,28.033333,24.608000,
19.000000,28.000000,24.658000,
19.333333,27.933333,24.689167,
19.433333,27.933333,24.752500,
19.533333,28.033333,24.807000,
19.966667,28.166667,24.860500,
19.766667,28.166667,24.910500,
20.366667,28.166667,24.954333,
20.100000,28.133333,25.004167,
20.266667,28.033333,25.027000,
20.033333,27.966667,25.046667,
20.266667,28.200000,25.096667,
20.433333,28.100000,25.122167,
20.400000,28.200000,25.178833,
20.400000,28.066667,25.199167,
20.600000,28.300000,25.245000,
20.866667,28.200000,25.276000,
20.833333,28.333333,25.323000,
20.866667,28.300000,25.345333,
20.800000,28.466667,25.404667,
20.533333,28.466667,25.450000,
20.733333,28.400000,25.473000,
20.633333,28.333333,25.470833,
20.666667,28.400000,25.512000,
21.033333,28.433333,25.557500,
21.100000,28.500000,25.612000,
21.033333,28.400000,25.637167,
21.233333,28.666667,25.685500,
21.233333,28.566667,25.724833,
20.966667,28.600000,25.755000,
21.000000,28.600000,25.784667,
20.966667,28.600000,25.850000,
21.200000,28.733333,25.874167,
20.800000,28.600000,25.875500,
20.866667,28.600000,25.904333,
20.566667,28.600000,25.900833,
20.900000,28.533333,25.933667,
21.300000,28.700000,25.969500,
21.266667,28.800000,25.990333,
21.300000,28.633333,26.018833,
21.433333,28.766667,26.034833,
21.300000,28.666667,26.029167,
21.366667,28.633333,26.045500,
21.600000,28.666667,26.099000,
21.433333,28.766667,26.118833,
21.566667,28.766667,26.147333,
21.666667,28.766667,26.186833,
21.500000,28.733333,26.200833,
21.800000,28.733333,26.223000,
21.466667,28.733333,26.221667,
21.466667,28.766667,26.235000,
21.533333,28.733333,26.255500,
21.633333,28.833333,26.279167,
21.466667,28.700000,26.303833,
21.700000,28.633333,26.321500,
21.833333,28.766667,26.322167,
21.800000,28.666667,26.350167,
22.000000,28.900000,26.373167,
21.766667,28.766667,26.379000,
21.600000,28.733333,26.389333,
21.900000,28.766667,26.438500,
22.033333,28.866667,26.456667,
21.833333,28.800000,26.483833,
21.833333,28.800000,26.507000,
21.766667,28.866667,26.528333,
21.833333,28.866667,26.532667,
21.800000,29.000000,26.566167,
22.100000,29.000000,26.583500,
22.300000,28.966667,26.606167,
22.333333,28.933333,26.645167,
22.400000,28.866667,26.650167,
21.866667,28.733333,26.670667,
21.933333,28.833333,26.689167,
22.166667,28.866667,26.718000,
21.900000,28.866667,26.711833,
22.066667,28.900000,26.710833,
21.766667,29.000000,26.732000,
22.200000,28.933333,26.753333,
22.366667,28.966667,26.764833,
22.366667,28.933333,26.785833,
22.733333,28.866667,26.785333,
22.466667,28.900000,26.790333,
22.333333,28.966667,26.807167,
22.433333,28.966667,26.819000,
22.466667,29.066667,26.820167,
22.333333,29.033333,26.825667,
22.500000,29.100000,26.831667,
22.433333,29.100000,26.846333,
22.566667,29.100000,26.845667,
22.366667,29.033333,26.859667,
22.400000,29.066667,26.899833,
22.433333,28.966667,26.936333,
22.400000,29.033333,26.960000,
22.766667,29.066667,26.985000,
22.433333,28.933333,27.007667,
22.500000,29.000000,27.037000,
22.966667,29.000000,27.061000,
23.166667,28.966667,27.096167,
22.966667,29.033333,27.123333,
22.433333,29.066667,27.146833,
22.633333,29.100000,27.156667,
22.600000,29.133333,27.175167,
22.766667,29.100000,27.187500,
22.966667,29.133333,27.219167,
22.400000,29.166667,27.239667,
22.433333,29.066667,27.270167,
22.566667,29.133333,27.296167,
22.466667,29.133333,27.313000,
22.866667,29.066667,27.297500,
22.766667,29.100000,27.284667,
23.066667,29.166667,27.315167,
23.033333,29.133333,27.326667,
23.166667,29.100000,27.370167,
22.966667,29.166667,27.392667,
22.933333,29.166667,27.416000,
22.733333,29.066667,27.431833,
22.966667,29.100000,27.421333,
22.933333,29.166667,27.406000,
22.700000,29.066667,27.419500,
22.933333,29.133333,27.457667,
22.666667,29.133333,27.475833,
22.666667,29.266667,27.515000,
23.533333,29.133333,27.537833,
23.133333,29.233333,27.553333,
23.366667,29.200000,27.595667,
23.600000,29.166667,27.613167,
23.333333,29.266667,27.619167,
23.533333,29.200000,27.609500,
23.166667,29.200000,27.623833,
23.166667,29.266667,27.643333,
23.133333,29.166667,27.656333,
23.400000,29.200000,27.660500,
23.266667,29.166667,27.693000,
22.966667,29.100000,27.704000,
23.166667,29.066667,27.717500,
23.200000,29.100000,27.735167,
23.200000,29.166667,27.747333,
23.200000,29.133333,27.742333,
23.466667,29.133333,27.733500,
22.866667,29.166667,27.736833,
22.866667,29.166667,27.737000,
22.800000,29.066667,27.753167,
23.066667,29.166667,27.779833,
23.566667,29.200000,27.802833,
23.466667,29.100000,27.811500,
23.966667,29.166667,27.823167,
23.333333,29.133333,27.815667,
23.066667,29.100000,27.834667,
23.366667,29.200000,27.871333,
23.233333,29.133333,27.893833,
22.966667,29.200000,27.902167,
23.133333,29.166667,27.915500,
23.500000,29.200000,27.935000,
23.266667,29.200000,27.946667,
23.400000,29.166667,27.947167,
23.800000,29.200000,27.977167,
23.333333,29.200000,27.968500,
23.533333,29.200000,27.967333,
23.866667,29.166667,27.979500,
23.500000,29.166667,27.983833,
23.700000,29.166667,27.970667,
23.533333,29.166667,27.965000,
23.600000,29.200000,27.971500,
23.400000,29.166667,27.970833,
23.266667,29.233333,27.973667,
23.466667,29.100000,27.974000,
23.066667,29.133333,27.989167,
23.466667,29.133333,28.008167,
23.566667,29.166667,28.021167,
23.466667,29.166667,28.021500,
23.866667,29.133333,28.038167,
23.400000,29.200000,28.045500,
23.166667,29.200000,28.057833,
23.633333,29.266667,28.080667,
23.500000,29.200000,28.079667,
23.266667,29.266667,28.092333,
23.700000,29.233333,28.103500,
23.433333,29.233333,28.116500,
23.600000,29.300000,28.129167,
23.266667,29.300000,28.157500,
23.600000,29.200000,28.158000,
23.600000,29.233333,28.160167,
23.400000,29.200000,28.161333,
23.866667,29.266667,28.175000,
24.133333,29.300000,28.197500,
23.933333,29.300000,28.208500,
23.466667,29.300000,28.212667,
23.533333,29.300000,28.206833,
24.033333,29.300000,28.210667,
23.833333,29.333333,28.214000,
23.800000,29.333333,28.227500,
23.933333,29.333333,28.236500,
24.033333,29.333333,28.259833,
23.933333,29.300000,28.260500,
24.166667,29.333333,28.253333,
23.633333,29.300000,28.244667,
23.500000,29.333333,28.271833,
23.533333,29.333333,28.273500,
23.766667,29.300000,28.260667,
23.533333,29.333333,28.259833,
23.733333,29.300000,28.266167,
23.533333,29.300000,28.274833,
23.800000,29.300000,28.279167,
23.933333,29.333333,28.282500,
23.533333,29.333333,28.280333,
23.533333,29.333333,28.289667,
23.666667,29.333333,28.299333,
24.233333,29.366667,28.300667,
24.133333,29.333333,28.308333,
23.833333,29.300000,28.317833,
23.633333,29.300000,28.320500,
23.933333,29.266667,28.326333,
23.733333,29.300000,28.329000,
23.500000,29.266667,28.328333,
23.866667,29.266667,28.333667,
23.933333,29.233333,28.334000,
24.066667,29.233333,28.348667,
24.366667,29.266667,28.359167,
23.966667,29.266667,28.342000,
24.000000,29.233333,28.345833,
23.500000,29.266667,28.339167,
23.600000,29.200000,28.352833,
24.100000,29.200000,28.372333,
24.300000,29.200000,28.372333,
24.266667,29.233333,28.359333,
23.900000,29.300000,28.347833,
24.100000,29.300000,28.359500,
24.266667,29.300000,28.369000,
24.000000,29.200000,28.369833,
24.233333,29.266667,28.376500,
24.300000,29.233333,28.380667,
24.000000,29.266667,28.365167,
24.266667,29.300000,28.372500,
24.366667,29.300000,28.368333,
24.166667,29.333333,28.365500,
23.633333,29.333333,28.378000,
22.966667,29.300000,28.385333,
23.566667,29.266667,28.398333,
23.066667,29.300000,28.390833,
22.866667,29.300000,28.376833,
23.766667,29.266667,28.386167,
23.800000,29.266667,28.390000,
24.033333,29.300000,28.385333,
23.533333,29.266667,28.377167,
23.566667,29.233333,28.383500,
23.766667,29.266667,28.391000,
23.633333,29.266667,28.394667,
23.866667,29.266667,28.390667,
23.600000,29.266667,28.391000,
23.433333,29.233333,28.399500,
23.466667,29.233333,28.406667,
23.833333,29.233333,28.416500,
24.033333,29.266667,28.417667,
23.800000,29.233333,28.416333,
24.033333,29.200000,28.439833,
24.300000,29.200000,28.447167,
24.500000,29.200000,28.454500,
24.100000,29.200000,28.464000,
24.166667,29.200000,28.455500,
24.400000,29.166667,28.461167,
24.366667,29.133333,28.455667,
24.066667,29.133333,28.461167,
24.033333,29.200000,28.456000,
24.166667,29.166667,28.468833,
24.266667,29.166667,28.471833,
24.266667,29.166667,28.487333,
24.000000,29.166667,28.495833,
23.966667,29.133333,28.480000,
24.333333,29.133333,28.486833,
23.700000,29.166667,28.473833,
24.066667,29.166667,28.485500,
24.366667,29.166667,28.495667,
24.000000,29.200000,28.505500,
23.800000,29.166667,28.498167,
23.733333,29.166667,28.491667,
23.633333,29.133333,28.493500,
23.800000,29.166667,28.502833,
23.900000,29.133333,28.510500,
24.366667,29.133333,28.528500,
23.633333,29.133333,28.519500,
23.866667,29.166667,28.526167,
23.433333,29.166667,28.511333,
23.766667,29.166667,28.526333,
24.100000,29.166667,28.531167,
24.233333,29.166667,28.529833,
24.333333,29.166667,28.538167,
24.533333,29.166667,28.531833,
24.366667,29.166667,28.524833,
24.000000,29.133333,28.538167,
24.100000,29.133333,28.532333,
23.933333,29.133333,28.537833,
24.100000,29.133333,28.554167,
24.166667,29.133333,28.554833,
24.400000,29.133333,28.553500,
23.966667,29.200000,28.545500,
23.600000,29.166667,28.542833,
23.666667,29.200000,28.535333,
23.600000,29.233333,28.560000,
24.166667,29.166667,28.572167,
23.800000,29.100000,28.566500,
23.900000,29.100000,28.565500,
24.166667,29.133333,28.585167,
24.333333,29.166667,28.594667,
24.100000,29.133333,28.583833,
24.566667,29.133333,28.588667,
24.366667,29.166667,28.602500,
24.433333,29.133333,28.611500,
24.233333,29.133333,28.617167,
24.500000,29.200000,28.620000,
24.266667,29.133333,28.606500,
24.433333,29.133333,28.616000,
24.300000,29.133333,28.613667,
24.200000,29.166667,28.613500,
24.100000,29.166667,28.616333,
24.200000,29.166667,28.602167,
24.433333,29.166667,28.612500,
24.733333,29.166667,28.617667,
24.566667,29.166667,28.612333,
24.233333,29.133333,28.605333,
24.000000,29.133333,28.612333,
24.133333,29.133333,28.618833,
24.166667,29.166667,28.625667,
24.700000,29.166667,28.623333,
24.166667,29.133333,28.601667,
24.433333,29.166667,28.599833,
24.400000,29.133333,28.602500,
24.233333,29.133333,28.609333,
24.300000,29.133333,28.612500,
24.233333,29.133333,28.614167,
24.266667,29.100000,28.610333,
24.500000,29.100000,28.627500,
24.433333,29.100000,28.629833,
24.600000,29.133333,28.641833,
24.066667,29.100000,28.634000,
24.266667,29.100000,28.619667,
24.433333,29.100000,28.627333,
24.433333,29.133333,28.635333,
24.766667,29.166667,28.651167,
24.766667,29.166667,28.646000,
24.700000,29.233333,28.655000,
24.566667,29.166667,28.663667,
24.266667,29.133333,28.658167,
24.066667,29.133333,28.660333,
24.166667,29.166667,28.667333,
23.866667,29.200000,28.672000,
23.800000,29.200000,28.670667,
24.233333,29.166667,28.688167,
24.166667,29.166667,28.681833,
24.133333,29.200000,28.689000,
24.133333,29.200000,28.689333,
24.066667,29.166667,28.691500,
24.033333,29.200000,28.684167,
23.900000,29.233333,28.655667,
24.200000,29.200000,28.653167,
24.300000,29.200000,28.645000,
23.933333,29.200000,28.647000,
24.033333,29.200000,28.652167,
23.766667,29.200000,28.638333,
24.266667,29.200000,28.636833,
24.700000,29.200000,28.649833,
24.433333,29.233333,28.664833,
24.800000,29.233333,28.667667,
24.700000,29.200000,28.669167,
24.366667,29.200000,28.679000,
24.433333,29.200000,28.689500,
24.333333,29.200000,28.675667,
24.233333,29.233333,28.668167,
24.700000,29.233333,28.666833,
25.133333,29.233333,28.678333,
24.800000,29.166667,28.672667,
24.600000,29.166667,28.674833,
24.366667,29.200000,28.670333,
24.500000,29.200000,28.669500,
24.466667,29.233333,28.658500,
24.500000,29.233333,28.659667,
24.500000,29.233333,28.646333,
24.433333,29.266667,28.642167,
24.166667,29.266667,28.644667,
23.433333,29.266667,28.635833,
23.566667,29.266667,28.631000,
23.200000,29.266667,28.634833,
23.733333,29.266667,28.647333,
24.066667,29.233333,28.658667,
23.800000,29.300000,28.648833,
23.400000,29.233333,28.647333,
24.100000,29.266667,28.649167,
24.466667,29.233333,28.642833,
23.800000,29.266667,28.613500,
24.233333,29.266667,28.640333,
24.166667,29.233333,28.632333,
24.133333,29.233333,28.635667,
23.766667,29.233333,28.634333,
24.100000,29.266667,28.622333,
24.200000,29.200000,28.622667,
24.266667,29.200000,28.625167,
24.233333,29.233333,28.626333,
24.033333,29.233333,28.628333,
24.300000,29.233333,28.643000,
24.333333,29.233333,28.654500,
24.400000,29.233333,28.641500,
24.533333,29.233333,28.642500,
24.633333,29.233333,28.644000,
24.833333,29.233333,28.647000,
24.733333,29.233333,28.648333,
24.466667,29.266667,28.638000,
24.233333,29.233333,28.644000,
24.400000,29.233333,28.653833,
24.166667,29.266667,28.653667,
24.133333,29.266667,28.649667,
24.033333,29.233333,28.650667,
23.833333,29.233333,28.650667,
24.266667,29.266667,28.648333,
23.933333,29.233333,28.644667,
24.000000,29.233333,28.644000,
24.433333,29.233333,28.662333,
24.333333,29.233333,28.650667,
24.200000,29.266667,28.639667,
24.200000,29.300000,28.641333,
24.033333,29.266667,28.631667,
24.500000,29.266667,28.625167,
24.233333,29.300000,28.620167,
24.166667,29.300000,28.617333,
24.233333,29.266667,28.616833,
23.833333,29.300000,28.621000,
23.700000,29.300000,28.625167,
23.600000,29.266667,28.617500,
23.800000,29.300000,28.612167,
24.200000,29.266667,28.627500,
23.933333,29.366667,28.626667,
23.733333,29.366667,28.625167,
23.833333,29.333333,28.645667,
24.133333,29.333333,28.652667,
24.300000,29.333333,28.675167,
24.166667,29.366667,28.674833,
24.800000,29.333333,28.687333,
24.766667,29.333333,28.692667,
24.666667,29.366667,28.695333,
24.600000,29.333333,28.711667,
24.333333,29.333333,28.704167,
24.500000,29.300000,28.717833,
23.800000,29.300000,28.710167,
23.833333,29.300000,28.699500,
24.000000,29.333333,28.688833,
23.600000,29.366667,28.692833,
23.800000,29.366667,28.695167,
23.900000,29.333333,28.702833,
24.233333,29.300000,28.702167,
24.200000,29.266667,28.704833,
24.700000,29.300000,28.719500,
24.500000,29.266667,28.730000,
24.500000,29.333333,28.723667,
