0	365.391395	4152571.019698	2110358.275473	
1	945.285559	4208384.229198	2682108.644880	
2	1000.000000	4216774.236981	3003818.750913	
3	1000.000000	4222268.866485	3167283.493385	
4	1000.000000	4225509.859778	3306536.349862	
5	1000.000000	4229904.281341	3394365.434414	
6	1000.000000	4230468.117578	3457480.577179	
7	1000.000000	4246469.975101	3522444.276607	
8	1000.000000	4249132.015812	3578320.483453	
9	1000.000000	4253668.091571	3626572.428283	
10	1000.000000	4246563.626458	3658467.966558	
11	1000.000000	4246935.329656	3690263.860298	
12	1000.000000	4245631.939091	3716599.652192	
13	1000.000000	4251063.799262	3738748.680223	
14	1000.000000	4249947.890723	3761206.795642	
15	1000.000000	4266045.875120	3777530.574143	
16	1000.000000	4265781.976972	3797276.870193	
17	1000.000000	4266520.450426	3818373.143313	
18	1000.000000	4269433.659430	3835692.989856	
19	1000.000000	4268410.310429	3852004.426747	
20	1000.000000	4263845.600718	3867192.507522	
21	1000.000000	4267184.937694	3878386.292388	
22	1000.000000	4266313.150973	3890742.837504	
23	1000.000000	4269438.307356	3899798.679760	
24	1000.000000	4269706.785768	3911421.374713	
25	1000.000000	4273628.080385	3923417.459871	
26	1000.000000	4273496.785428	3928810.129567	
27	1000.000000	4278912.224905	3936833.773476	
28	1000.000000	4277729.328856	3949965.534381	
29	1000.000000	4281529.340677	3955847.807967	
30	1000.000000	4284514.295254	3964541.522884	
31	1000.000000	4280232.247287	3975005.756919	
32	1000.000000	4282387.954716	3980779.782740	
33	1000.000000	4284649.207630	3986408.880478	
34	1000.000000	4280837.761406	3993760.593781	
35	1000.000000	4282773.474319	3998454.997937	
36	1000.000000	4279386.603242	4006904.191693	
37	1000.000000	4277547.298256	4013129.240644	
38	1000.000000	4281877.933621	4020237.899810	
39	1000.000000	4281704.213607	4024582.837390	
40	1000.000000	4283491.887154	4030367.781061	
41	1000.000000	4283098.526178	4035544.196326	
42	1000.000000	4282581.162995	4039535.263465	
43	1000.000000	4281827.523447	4044009.219545	
44	1000.000000	4281752.964337	4048981.286984	
45	1000.000000	4281170.313755	4049586.738720	
46	1000.000000	4280610.513768	4054844.185171	
47	1000.000000	4282632.051860	4056952.258252	
48	1000.000000	4282460.127006	4061740.679761	
49	1000.000000	4281862.041977	4067675.628129	
50	1000.000000	4286344.088659	4069405.581969	
51	1000.000000	4282399.173213	4073668.024592	
52	1000.000000	4279255.743167	4075723.772617	
53	1000.000000	4282194.240060	4081448.825131	
54	1000.000000	4283950.557187	4086256.234177	
55	1000.000000	4280080.649277	4088740.894148	
56	1000.000000	4279432.485016	4094763.396912	
57	1000.000000	4278739.647937	4097261.452579	
58	1000.000000	4279017.557649	4099455.984187	
59	1000.000000	4278082.819196	4101151.043977	
60	1000.000000	4280760.222801	4101288.565969	
61	1000.000000	4280828.428705	4103057.244546	
62	1000.000000	4278195.010947	4107215.770878	
63	1000.000000	4278824.664430	4107412.111543	
64	1000.000000	4281056.341939	4108276.230899	
65	1000.000000	4283389.019504	4110546.791661	
66	1000.000000	4283753.735367	4112382.478933	
67	1000.000000	4283761.826590	4115750.664956	
68	1000.000000	4283515.869719	4116826.007926	
69	1000.000000	4279721.484468	4116624.257851	
70	1000.000000	4277974.248231	4120183.160958	
71	1000.000000	4278926.364623	4122249.965223	
72	1000.000000	4280890.271477	4125534.350388	
73	1000.000000	4278673.943988	4124802.034867	
74	1000.000000	4279849.971342	4126188.437346	
75	1000.000000	4281670.695186	4125771.363736	
76	1000.000000	4281881.497221	4126922.446658	
77	1000.000000	4281771.242802	4130199.661770	
78	1000.000000	4281498.077828	4129996.092680	
79	1000.000000	4277809.887347	4130864.750725	
80	1000.000000	4279227.760816	4131558.068935	
81	1000.000000	4279556.833689	4132577.061238	
82	1000.000000	4278968.173075	4130761.415889	
83	1000.000000	4280929.591971	4134090.146408	
84	1000.000000	4278863.805553	4135606.293313	
85	1000.000000	4282549.753021	4135948.637084	
86	1000.000000	4280798.606449	4136631.775428	
87	1000.000000	4279097.592563	4138421.065128	
88	1000.000000	4281627.324437	4140401.302538	
89	1000.000000	4281637.339888	4142955.712240	
90	1000.000000	4283114.634769	4143737.863428	
91	1000.000000	4283799.347801	4144020.325539	
92	1000.000000	4282880.200189	4143346.675144	
93	1000.000000	4279157.469203	4143901.583353	
94	1000.000000	4282072.781704	4145375.290921	
95	1000.000000	4282445.070461	4146868.015929	
96	1000.000000	4280985.623659	4147041.914948	
97	1000.000000	4278979.830725	4148961.079963	
98	1000.000000	4279474.286574	4151973.202082	
99	1000.000000	4280843.857661	4152272.757113	
100	1000.000000	4279474.616040	4152947.310402	
101	1000.000000	4276824.846600	4153441.515794	
102	1000.000000	4278478.354403	4156789.511791	
103	1000.000000	4278537.474153	4157827.981223	
104	1000.000000	4278119.983420	4158231.472279	
105	1000.000000	4279120.615732	4159123.795334	
106	1000.000000	4277284.617931	4159290.890198	
107	1000.000000	4276878.072309	4160582.751536	
108	1000.000000	4277333.176434	4160611.748834	
109	1000.000000	4279051.492249	4161619.474156	
110	1000.000000	4279160.553986	4162889.870132	
111	1000.000000	4277997.267517	4165013.209624	
112	1000.000000	4276898.997383	4166066.257254	
113	1000.000000	4278745.861224	4164719.718432	
114	1000.000000	4278768.168033	4167411.492891	
115	1000.000000	4277948.832753	4167981.690988	
116	1000.000000	4276989.517634	4167964.529624	
117	1000.000000	4280041.804966	4170235.844604	
118	1000.000000	4279543.809226	4171388.124015	
119	1000.000000	4278324.181241	4171206.029010	
120	1000.000000	4276206.406357	4174046.776588	
121	1000.000000	4275400.708481	4176421.236827	
122	1000.000000	4274532.083493	4176925.674898	
123	1000.000000	4274700.433598	4178055.599174	
124	1000.000000	4273429.535940	4178842.475192	
125	1000.000000	4277170.536588	4177338.782997	
126	1000.000000	4275664.015640	4177244.946004	
127	1000.000000	4275440.403273	4177890.969716	
128	1000.000000	4273279.098226	4179249.762835	
129	1000.000000	4273807.602906	4179324.839724	
130	1000.000000	4273684.962159	4180652.570004	
131	1000.000000	4274132.087046	4180034.446471	
132	1000.000000	4274267.150464	4181156.903156	
133	1000.000000	4273946.920020	4181860.856191	
134	1000.000000	4274933.792644	4183669.909126	
135	1000.000000	4274618.302794	4183031.775104	
136	1000.000000	4275755.429593	4182384.528870	
137	1000.000000	4275535.441685	4183529.268475	
138	1000.000000	4276122.359603	4184295.160814	
139	1000.000000	4273795.892939	4185487.937963	
140	1000.000000	4276352.375654	4186571.098461	
141	1000.000000	4274769.251811	4185769.574886	
142	1000.000000	4275234.204092	4186235.002605	
143	1000.000000	4275905.292271	4187937.592739	
144	1000.000000	4274065.018078	4190189.382432	
145	1000.000000	4274494.245682	4189465.570759	
146	1000.000000	4275228.996335	4190887.364328	
147	1000.000000	4275446.368906	4189965.901833	
148	1000.000000	4275731.648445	4189527.349755	
149	1000.000000	4276543.195112	4189164.763981	
150	1000.000000	4275588.260940	4190913.179746	
151	1000.000000	4277925.401974	4192543.245175	
152	1000.000000	4276789.352523	4192833.124308	
153	1000.000000	4273508.594317	4191424.731079	
154	1000.000000	4273057.863278	4192945.437239	
155	1000.000000	4274408.520412	4194439.830947	
156	1000.000000	4275201.932434	4195244.896352	
157	1000.000000	4274171.368654	4196269.948440	
158	1000.000000	4273275.489869	4197382.052093	
159	1000.000000	4272172.416448	4198798.769395	
160	1000.000000	4273171.676489	4197999.393804	
161	1000.000000	4273044.379238	4197893.124767	
162	1000.000000	4272964.856802	4199072.688866	
163	1000.000000	4273293.079399	4200439.286662	
164	1000.000000	4274526.740166	4200804.661680	
165	1000.000000	4272260.263023	4201685.124518	
166	1000.000000	4273260.792377	4201444.954007	
167	1000.000000	4271195.532341	4202113.867922	
168	1000.000000	4271902.691879	4202526.682589	
169	1000.000000	4271834.002983	4204552.336108	
170	1000.000000	4272699.818795	4205953.734135	
171	1000.000000	4271268.390288	4205667.289849	
172	1000.000000	4271943.874627	4206758.003781	
173	1000.000000	4271879.077336	4207490.252507	
174	1000.000000	4271686.017709	4207410.632829	
175	1000.000000	4270939.123807	4207590.275884	
176	1000.000000	4271097.075059	4208623.468308	
177	1000.000000	4270383.552887	4207109.905772	
178	1000.000000	4272029.839450	4208686.932385	
179	1000.000000	4269386.159588	4209074.683401	
180	1000.000000	4270168.988664	4209226.820611	
181	1000.000000	4270151.383070	4209285.630399	
182	1000.000000	4270272.718680	4210497.353568	
183	1000.000000	4270364.858660	4211073.942632	
184	1000.000000	4269853.097937	4209724.062308	
185	1000.000000	4269499.761913	4209774.620850	
186	1000.000000	4268745.827823	4210957.753570	
187	1000.000000	4266722.562245	4211230.196727	
188	1000.000000	4267559.698547	4210204.791621	
189	1000.000000	4267362.992012	4211161.418350	
190	1000.000000	4266406.520919	4212800.950395	
191	1000.000000	4266619.659137	4213172.310195	
192	1000.000000	4267756.008556	4212874.770898	
193	1000.000000	4268219.199095	4212215.787303	
194	1000.000000	4266652.228437	4212063.495060	
195	1000.000000	4266189.487541	4212137.466202	
196	1000.000000	4266261.827646	4212908.798282	
197	1000.000000	4267067.305735	4211540.298627	
198	1000.000000	4266437.976179	4212870.887764	
199	1000.000000	4267073.991443	4213445.771249	
200	1000.000000	4266766.770055	4212895.899622	
201	1000.000000	4266575.898870	4213057.063488	
202	1000.000000	4268212.886663	4213914.604560	
203	1000.000000	4266909.688233	4216518.627747	
204	1000.000000	4267608.384082	4216472.419293	
205	1000.000000	4266126.893412	4216809.702438	
206	1000.000000	4265442.639092	4216271.403750	
207	1000.000000	4265935.118660	4217116.868938	
208	1000.000000	4266103.641866	4217438.488643	
209	1000.000000	4265724.700419	4218154.612677	
210	1000.000000	4265018.023826	4218179.071586	
211	1000.000000	4265009.037937	4218607.195415	
212	1000.000000	4264107.905526	4218326.514409	
213	1000.000000	4264293.589019	4217996.574484	
214	1000.000000	4264764.307164	4218393.705440	
215	1000.000000	4263912.645429	4219353.453839	
216	1000.000000	4267517.005760	4218752.913956	
217	1000.000000	4267610.234107	4219288.960920	
218	1000.000000	4266106.406406	4219897.724692	
219	1000.000000	4265093.379095	4220291.980240	
220	1000.000000	4264982.720777	4221497.936722	
221	1000.000000	4264329.462922	4221392.164814	
222	1000.000000	4264467.360528	4221940.121805	
223	1000.000000	4265189.378310	4221880.994839	
224	1000.000000	4264616.952705	4221841.948714	
225	1000.000000	4264590.194986	4221317.945278	
226	1000.000000	4264160.648983	4222260.649869	
227	1000.000000	4264861.619796	4221438.693999	
228	1000.000000	4264887.486124	4222153.534951	
229	1000.000000	4264257.739589	4220901.744965	
230	1000.000000	4263379.053052	4220332.698609	
231	1000.000000	4263991.484899	4222146.822839	
232	1000.000000	4263678.515124	4223148.064738	
233	1000.000000	4263845.668562	4222457.715929	
234	1000.000000	4264246.265767	4221571.566666	
235	1000.000000	4264883.490654	4222228.474734	
236	1000.000000	4265831.429256	4222028.693520	
237	1000.000000	4263288.645174	4223341.438620	
238	1000.000000	4263347.321741	4224484.518290	
239	1000.000000	4263633.160231	4225064.129212	
240	1000.000000	4263598.468488	4225569.170582	
241	1000.000000	4263663.004049	4223842.864471	
242	1000.000000	4264738.226247	4226124.118353	
243	1000.000000	4264486.319143	4227147.543408	
244	1000.000000	4264741.391083	4227079.974902	
245	1000.000000	4264238.215248	4227001.075615	
246	1000.000000	4264147.923933	4228015.200974	
247	1000.000000	4264527.933047	4228397.095771	
248	1000.000000	4264014.824006	4228751.535723	
249	1000.000000	4264444.579052	4228727.042450	
250	1000.000000	4264400.190610	4229148.419157	
251	1000.000000	4264395.074294	4228593.666383	
252	1000.000000	4265074.281305	4228857.575009	
253	1000.000000	4265216.627590	4228410.187630	
254	1000.000000	4265286.699506	4229946.418820	
255	1000.000000	4264597.487780	4229209.565949	
256	1000.000000	4264626.943286	4230236.715921	
257	1000.000000	4264627.860053	4230896.088563	
258	1000.000000	4264679.579567	4230386.101202	
259	1000.000000	4263512.845861	4229492.679339	
260	1000.000000	4263957.326824	4229444.966604	
261	1000.000000	4264734.771176	4229454.105689	
262	1000.000000	4264573.896139	4228923.011498	
263	1000.000000	4264430.081241	4229029.391383	
264	1000.000000	4264666.711106	4230342.849347	
265	1000.000000	4264316.084344	4230950.780746	
266	1000.000000	4264262.508809	4230261.185221	
267	1000.000000	4264728.532024	4230771.738355	
268	1000.000000	4264193.896379	4230486.715326	
269	1000.000000	4264427.241542	4231501.550417	
270	1000.000000	4264600.002294	4231329.487989	
271	1000.000000	4265081.451872	4231303.458904	
272	1000.000000	4264423.664704	4230778.402762	
273	1000.000000	4266022.697211	4232636.273810	
274	1000.000000	4264636.756712	4233733.256652	
275	1000.000000	4264611.358690	4233981.898759	
276	1000.000000	4265016.785740	4234374.083796	
277	1000.000000	4264333.660118	4234553.734940	
278	1000.000000	4264015.465941	4235268.920937	
279	1000.000000	4264326.889767	4234726.013839	
280	1000.000000	4264067.451478	4235000.783618	
281	1000.000000	4264202.121354	4234319.444822	
282	1000.000000	4264378.480993	4234231.317640	
283	1000.000000	4264106.045167	4234657.563721	
284	1000.000000	4264124.619127	4235489.635806	
285	1000.000000	4264034.240291	4235758.038344	
286	1000.000000	4264106.897596	4235586.247411	
287	1000.000000	4265107.092245	4235427.555245	
288	1000.000000	4263646.563315	4234200.323733	
289	1000.000000	4264555.951854	4234111.819760	
290	1000.000000	4264722.972823	4234484.590819	
291	1000.000000	4264049.166070	4235337.849434	
292	1000.000000	4264883.827164	4235192.178196	
293	1000.000000	4263995.073099	4235502.169306	
294	1000.000000	4263707.120652	4236277.715151	
295	1000.000000	4263931.530776	4235685.053331	
296	1000.000000	4263611.420605	4236645.955356	
297	1000.000000	4263622.948095	4236616.792504	
298	1000.000000	4263861.488765	4236346.148688	
299	1000.000000	4264753.280149	4237931.901208	
300	1000.000000	4264780.175495	4238784.760048	
301	1000.000000	4264452.793399	4237637.431089	
302	1000.000000	4263884.885130	4238280.080193	
303	1000.000000	4264606.800139	4237771.092040	
304	1000.000000	4264674.593594	4236721.762403	
305	1000.000000	4264743.330098	4237653.464922	
306	1000.000000	4264684.552433	4239108.561848	
307	1000.000000	4263883.271148	4238701.841016	
308	1000.000000	4264727.328488	4239398.447959	
309	1000.000000	4264635.117052	4239139.600608	
310	1000.000000	4264354.792315	4239116.607278	
311	1000.000000	4264680.504774	4237368.398219	
312	1000.000000	4264532.648222	4239052.519603	
313	1000.000000	4264938.420096	4239474.166441	
314	1000.000000	4264540.045989	4239284.762511	
315	1000.000000	4265211.754932	4239326.804399	
316	1000.000000	4266261.221266	4238815.597185	
317	1000.000000	4265905.908215	4239208.813296	
318	1000.000000	4265834.358847	4238256.926257	
319	1000.000000	4264752.390710	4240857.530480	
320	1000.000000	4265127.718714	4241006.173440	
321	1000.000000	4266114.317106	4240684.521497	
322	1000.000000	4264339.420147	4240434.319943	
323	1000.000000	4264809.250837	4239036.643956	
324	1000.000000	4264185.440260	4239601.291652	
325	1000.000000	4266159.477515	4240148.629652	
326	1000.000000	4264501.459136	4239900.835603	
327	1000.000000	4264960.388527	4240227.697842	
328	1000.000000	4265893.984586	4240199.489530	
329	1000.000000	4264782.260557	4240632.193198	
330	1000.000000	4264582.924522	4240425.127814	
331	1000.000000	4264484.974494	4240316.994656	
332	1000.000000	4264424.991035	4239924.248340	
333	1000.000000	4264106.553898	4239913.464704	
334	1000.000000	4263391.980012	4239342.287970	
335	1000.000000	4263726.438354	4240097.369091	
336	1000.000000	4263690.464530	4240030.768222	
337	1000.000000	4263593.232411	4241074.559243	
338	1000.000000	4263764.908611	4240812.733491	
339	1000.000000	4263927.216090	4240529.151768	
340	1000.000000	4263672.638957	4241491.143540	
341	1000.000000	4264770.404014	4241166.877939	
342	1000.000000	4264472.966198	4241493.440321	
343	1000.000000	4265636.403938	4239863.274185	
344	1000.000000	4264345.691983	4240989.840429	
345	1000.000000	4264017.507312	4241162.872775	
346	1000.000000	4263907.461133	4240919.496964	
347	1000.000000	4263666.629352	4240765.705619	
348	1000.000000	4263495.292998	4240180.402406	
349	1000.000000	4263219.118343	4241477.081101	
350	1000.000000	4262927.512538	4242318.477791	
351	1000.000000	4263051.071016	4241574.880965	
352	1000.000000	4263299.530803	4241042.160117	
353	1000.000000	4262773.312506	4240373.528036	
354	1000.000000	4263022.357158	4242188.901933	
355	1000.000000	4263190.840727	4241993.942249	
356	1000.000000	4262822.377772	4241721.686269	
357	1000.000000	4262949.796362	4242385.985423	
358	1000.000000	4262791.381393	4241414.053825	
359	1000.000000	4262770.236426	4241806.206407	
360	1000.000000	4262587.812592	4242422.661916	
361	1000.000000	4262554.413064	4242491.465907	
362	1000.000000	4262688.678562	4242279.024947	
363	1000.000000	4262814.869918	4242829.546170	
364	1000.000000	4262705.620636	4241606.924837	
365	1000.000000	4263108.239065	4242767.654212	
366	1000.000000	4263311.673008	4242932.902466	
367	1000.000000	4263317.141523	4243239.681237	
368	1000.000000	4263576.843094	4242955.747957	
369	1000.000000	4263791.321094	4242910.082176	
370	1000.000000	4264059.626190	4242990.471888	
371	1000.000000	4263682.033418	4243948.965898	
372	1000.000000	4263509.035845	4244341.554265	
373	1000.000000	4263124.304219	4241702.969493	
374	1000.000000	4262762.803182	4243749.721208	
375	1000.000000	4262864.955576	4244184.904237	
376	1000.000000	4262370.146234	4243868.776687	
377	1000.000000	4262198.325982	4244583.216953	
378	1000.000000	4262355.106976	4244474.335545	
379	1000.000000	4262523.400426	4244856.261242	
380	1000.000000	4262344.078410	4245119.828649	
381	1000.000000	4263459.539205	4242778.560945	
382	1000.000000	4264498.635081	4245036.996905	
383	1000.000000	4261976.149315	4244546.984155	
384	1000.000000	4262103.779224	4245457.030998	
385	1000.000000	4262055.775822	4245871.844831	
386	1000.000000	4261922.754816	4245479.039107	
387	1000.000000	4262006.170070	4245316.536438	
388	1000.000000	4262077.926020	4245201.879585	
389	1000.000000	4262396.398096	4246213.014577	
390	1000.000000	4261831.811517	4244538.681620	
391	1000.000000	4261825.546741	4245345.712567	
392	1000.000000	4262075.976126	4245873.442878	
393	1000.000000	4261902.827671	4244865.610634	
394	1000.000000	4261945.823822	4245829.956002	
395	1000.000000	4261952.486001	4246012.250260	
396	1000.000000	4261978.136607	4245502.686426	
397	1000.000000	4261885.652318	4245628.080264	
398	1000.000000	4262154.224690	4246049.258477	
399	1000.000000	4263455.884941	4245184.703264	
400	1000.000000	4263203.395228	4245630.050991	
401	1000.000000	4262477.859697	4246779.476600	
402	1000.000000	4262367.593041	4247568.263172	
403	1000.000000	4261662.682170	4247022.624777	
404	1000.000000	4262287.520609	4247423.784341	
405	1000.000000	4262249.483666	4247055.680364	
406	1000.000000	4262403.634924	4247920.566692	
407	1000.000000	4261723.193226	4248013.804433	
408	1000.000000	4262246.016786	4246855.672238	
409	1000.000000	4262294.317858	4247230.407512	
410	1000.000000	4262054.597745	4247608.483098	
411	1000.000000	4261875.516116	4247617.069093	
412	1000.000000	4261531.634000	4247037.851988	
413	1000.000000	4262069.809778	4247483.586306	
414	1000.000000	4262178.472148	4247100.428348	
415	1000.000000	4262418.364966	4247416.314003	
416	1000.000000	4262269.230251	4247953.770686	
417	1000.000000	4262058.336007	4248541.750092	
418	1000.000000	4262074.081332	4248657.407153	
419	1000.000000	4263555.876785	4248811.460973	
420	1000.000000	4263835.168735	4248578.329184	
421	1000.000000	4263525.781113	4247598.889434	
422	1000.000000	4263674.414588	4247496.012494	
423	1000.000000	4264613.286198	4248966.605401	
424	1000.000000	4262221.867679	4248975.699363	
425	1000.000000	4261850.626471	4248615.636429	
426	1000.000000	4262050.176610	4248366.892284	
427	1000.000000	4262431.509464	4248653.101938	
428	1000.000000	4262584.617275	4247399.305036	
429	1000.000000	4262514.509780	4247772.497709	
430	1000.000000	4262587.172633	4247764.087321	
431	1000.000000	4262210.226394	4247066.476778	
432	1000.000000	4262251.555289	4246291.571617	
433	1000.000000	4262302.579535	4247630.930040	
434	1000.000000	4262067.975731	4247438.654498	
435	1000.000000	4262011.179783	4247489.769618	
436	1000.000000	4262017.969245	4246743.751890	
437	1000.000000	4261867.390807	4245917.869735	
438	1000.000000	4261852.937932	4244123.937037	
439	1000.000000	4261732.828409	4244248.427187	
440	1000.000000	4261791.870622	4243686.217161	
441	1000.000000	4261402.311433	4244072.554636	
442	1000.000000	4261285.961879	4245754.923805	
443	1000.000000	4261309.941032	4246264.302047	
444	1000.000000	4261262.385576	4246902.474185	
445	1000.000000	4261306.479924	4246714.412324	
446	1000.000000	4261450.588991	4246862.657522	
447	1000.000000	4261085.549216	4246189.951790	
448	1000.000000	4261152.691317	4245423.226712	
449	1000.000000	4261245.444138	4245173.747911	
450	1000.000000	4262220.529216	4246953.054276	
451	1000.000000	4262199.569570	4246704.037684	
452	1000.000000	4262483.345938	4247519.589642	
453	1000.000000	4261118.164944	4247202.767402	
454	1000.000000	4261119.541498	4247353.315899	
455	1000.000000	4261688.726129	4247287.771790	
456	1000.000000	4261811.169920	4246106.944306	
457	1000.000000	4261267.690344	4247442.283852	
458	1000.000000	4261263.487903	4247112.889216	
459	1000.000000	4261178.797455	4247239.555441	
460	1000.000000	4260702.441051	4246227.086300	
461	1000.000000	4260745.554197	4246259.623861	
462	1000.000000	4261262.146595	4246598.597156	
463	1000.000000	4261168.029735	4244738.246478	
464	1000.000000	4262976.797248	4245282.649281	
465	1000.000000	4263900.031117	4245203.406627	
466	1000.000000	4261923.118668	4246394.784421	
467	1000.000000	4261055.923287	4245426.981165	
468	1000.000000	4261729.264225	4246478.190532	
469	1000.000000	4261231.546675	4245772.564870	
470	1000.000000	4261409.379132	4245390.219914	
471	1000.000000	4261757.704655	4245591.510264	
472	1000.000000	4261715.793789	4244534.914786	
473	1000.000000	4261635.364235	4243231.561786	
474	1000.000000	4261683.869977	4244003.729524	
475	1000.000000	4261576.278231	4243645.635957	
476	1000.000000	4261617.167326	4243019.454895	
477	1000.000000	4262106.029329	4243514.701083	
478	1000.000000	4261855.462234	4243087.518185	
479	1000.000000	4261877.810167	4243557.313630	
480	1000.000000	4262413.650372	4244671.672690	
481	1000.000000	4262368.191676	4244732.409041	
482	1000.000000	4262375.042727	4244951.609498	
483	1000.000000	4262353.074646	4245283.627679	
484	1000.000000	4262170.800129	4244911.978136	
485	1000.000000	4262212.270320	4245439.913524	
486	1000.000000	4262128.658371	4244345.897437	
487	1000.000000	4263074.945350	4245181.326400	
488	1000.000000	4262674.004694	4244829.475157	
489	1000.000000	4261312.377277	4245951.029608	
490	1000.000000	4262778.337505	4245754.601781	
491	1000.000000	4261794.741160	4245970.212676	
492	1000.000000	4261677.637092	4246147.696715	
493	1000.000000	4262076.232649	4246463.642711	
494	1000.000000	4261149.058021	4245933.519197	
495	1000.000000	4260853.389278	4246354.622448	
496	1000.000000	4260836.901974	4245922.252327	
497	1000.000000	4260912.176241	4246937.998966	
498	1000.000000	4261063.299879	4246298.519366	
499	1000.000000	4260567.961964	4245700.760995	
