-6.700000,20.266667,9.228667,
-0.833333,21.366667,11.349500,
0.500000,22.000000,12.970000,
2.466667,22.833333,14.311333,
4.000000,23.333333,15.489667,
5.600000,23.533333,16.499000,
6.266667,24.000000,17.303333,
7.466667,24.166667,18.029833,
8.533333,24.500000,18.603000,
9.966667,24.700000,19.153000,
10.500000,24.900000,19.492333,
10.500000,25.000000,19.838000,
11.133333,25.066667,20.175333,
11.533333,25.433333,20.473667,
12.633333,25.633333,20.777000,
13.466667,25.666667,21.031667,
13.500000,25.666667,21.193333,
14.266667,25.500000,21.411500,
14.933333,25.633333,21.664000,
14.800000,25.733333,21.853000,
15.066667,25.766667,22.051833,
15.633333,25.900000,22.222167,
15.966667,25.933333,22.382333,
16.533333,26.033333,22.547500,
16.733333,26.066667,22.668500,
17.166667,26.266667,22.825500,
17.466667,26.400000,22.954333,
17.666667,26.400000,23.076667,
18.166667,26.600000,23.207167,
18.200000,26.500000,23.296000,
18.233333,26.500000,23.365833,
18.633333,26.566667,23.431333,
18.800000,26.666667,23.500833,
18.866667,26.666667,23.600833,
19.000000,26.700000,23.656833,
19.200000,26.800000,23.758000,
19.266667,26.733333,23.806833,
19.466667,26.766667,23.891167,
19.966667,26.766667,23.977833,
19.833333,26.900000,24.057333,
20.033333,26.966667,24.104500,
20.033333,26.900000,24.169833,
20.166667,27.033333,24.265500,
20.366667,27.033333,24.318167,
20.466667,27.000000,24.354333,
20.433333,26.966667,24.413667,
20.600000,27.000000,24.476167,
20.766667,27.100000,24.547833,
20.900000,27.200000,24.609000,
21.000000,27.200000,24.670833,
21.000000,27.200000,24.740667,
21.166667,27.133333,24.819333,
21.400000,27.166667,24.860667,
21.566667,27.166667,24.917000,
21.600000,27.300000,24.962333,
21.700000,27.266667,25.018333,
21.766667,27.300000,25.070500,
21.800000,27.333333,25.119667,
21.833333,27.333333,25.180667,
22.000000,27.300000,25.212833,
22.066667,27.266667,25.245000,
22.000000,27.266667,25.300000,
22.133333,27.333333,25.327000,
22.366667,27.400000,25.370000,
22.400000,27.433333,25.393000,
22.400000,27.466667,25.439833,
22.266667,27.400000,25.481833,
22.566667,27.400000,25.519667,
22.600000,27.500000,25.555500,
22.733333,27.566667,25.606167,
22.866667,27.533333,25.635333,
22.833333,27.533333,25.654833,
22.766667,27.466667,25.686667,
22.933333,27.500000,25.702167,
23.000000,27.533333,25.743833,
23.133333,27.566667,25.791000,
23.200000,27.533333,25.814500,
23.300000,27.566667,25.855667,
23.266667,27.633333,25.891167,
23.366667,27.600000,25.930833,
23.400000,27.566667,25.961167,
23.500000,27.600000,25.962000,
23.500000,27.633333,25.996000,
23.500000,27.600000,26.012667,
23.600000,27.633333,26.025333,
23.633333,27.633333,26.054000,
23.633333,27.533333,26.082000,
23.666667,27.566667,26.120000,
23.833333,27.533333,26.131833,
23.800000,27.500000,26.143333,
23.833333,27.500000,26.170500,
23.966667,27.533333,26.202500,
24.000000,27.466667,26.230833,
24.133333,27.600000,26.249833,
24.000000,27.533333,26.256000,
24.033333,27.566667,26.275833,
24.133333,27.566667,26.293667,
23.866667,27.566667,26.301667,
23.933333,27.600000,26.324500,
24.000000,27.633333,26.340833,
24.133333,27.600000,26.343333,
24.233333,27.666667,26.376500,
24.400000,27.633333,26.392667,
24.533333,27.700000,26.413833,
24.566667,27.700000,26.419667,
24.600000,27.666667,26.442333,
24.666667,27.700000,26.476167,
24.666667,27.700000,26.488500,
24.566667,27.700000,26.507000,
24.566667,27.700000,26.533833,
24.600000,27.700000,26.561333,
24.733333,27.733333,26.579833,
24.766667,27.666667,26.593333,
24.900000,27.700000,26.609500,
24.933333,27.700000,26.621167,
24.866667,27.700000,26.635167,
24.900000,27.700000,26.660167,
24.866667,27.666667,26.669500,
24.933333,27.666667,26.685500,
24.900000,27.733333,26.696667,
24.933333,27.733333,26.701167,
24.966667,27.766667,26.696667,
25.033333,27.733333,26.704000,
25.133333,27.666667,26.715500,
25.166667,27.666667,26.741333,
25.200000,27.700000,26.761333,
25.200000,27.733333,26.769333,
25.233333,27.766667,26.787000,
25.300000,27.733333,26.820833,
25.200000,27.800000,26.836500,
25.300000,27.800000,26.846333,
25.233333,27.833333,26.861333,
25.233333,27.733333,26.871833,
25.366667,27.733333,26.896333,
25.400000,27.700000,26.895833,
25.400000,27.700000,26.902000,
25.466667,27.700000,26.916000,
25.533333,27.733333,26.924667,
25.533333,27.700000,26.937333,
25.533333,27.700000,26.945000,
25.566667,27.700000,26.966667,
25.633333,27.700000,26.972833,
25.533333,27.700000,26.973833,
25.533333,27.700000,26.971000,
25.633333,27.733333,26.984000,
25.666667,27.700000,26.990667,
25.666667,27.700000,26.994333,
25.700000,27.700000,26.998667,
25.600000,27.733333,27.008833,
25.700000,27.733333,27.017167,
25.833333,27.733333,27.031833,
25.800000,27.733333,27.043333,
25.733333,27.733333,27.041500,
25.733333,27.733333,27.049167,
25.733333,27.733333,27.054333,
25.966667,27.733333,27.063833,
26.033333,27.733333,27.069000,
26.000000,27.733333,27.075667,
25.966667,27.733333,27.088833,
25.966667,27.733333,27.102667,
25.833333,27.733333,27.121167,
25.833333,27.733333,27.125500,
26.000000,27.733333,27.130000,
25.933333,27.700000,27.140000,
25.966667,27.733333,27.150167,
26.000000,27.733333,27.165167,
25.966667,27.733333,27.177167,
26.000000,27.733333,27.193000,
26.000000,27.700000,27.203500,
26.033333,27.700000,27.221000,
26.066667,27.733333,27.229833,
26.133333,27.700000,27.235667,
26.100000,27.700000,27.235833,
26.166667,27.700000,27.244500,
26.200000,27.700000,27.252833,
26.266667,27.700000,27.256333,
26.200000,27.700000,27.262167,
26.266667,27.733333,27.266833,
26.200000,27.700000,27.271167,
26.266667,27.700000,27.274167,
26.300000,27.700000,27.284167,
26.300000,27.700000,27.288500,
26.333333,27.733333,27.293000,
26.333333,27.700000,27.296500,
26.300000,27.700000,27.304167,
26.233333,27.733333,27.297333,
26.200000,27.700000,27.304167,
26.200000,27.700000,27.308167,
26.266667,27.733333,27.325333,
26.333333,27.700000,27.329167,
26.500000,27.700000,27.335667,
26.533333,27.700000,27.339333,
26.533333,27.700000,27.349333,
26.566667,27.666667,27.355333,
26.600000,27.700000,27.352167,
26.566667,27.700000,27.360167,
26.600000,27.666667,27.363167,
26.633333,27.666667,27.358500,
26.600000,27.666667,27.368500,
26.566667,27.700000,27.373167,
26.666667,27.700000,27.377833,
26.633333,27.700000,27.390667,
26.600000,27.700000,27.398167,
26.633333,27.733333,27.396667,
26.633333,27.733333,27.398333,
26.666667,27.733333,27.397000,
26.666667,27.733333,27.391000,
26.633333,27.733333,27.401000,
26.633333,27.733333,27.399833,
26.600000,27.666667,27.396667,
26.533333,27.700000,27.406833,
26.633333,27.700000,27.417167,
26.633333,27.700000,27.417167,
26.666667,27.666667,27.419167,
26.700000,27.666667,27.425000,
26.733333,27.666667,27.432333,
26.766667,27.666667,27.433000,
26.733333,27.666667,27.440500,
26.700000,27.666667,27.442667,
26.700000,27.666667,27.444333,
26.766667,27.666667,27.448667,
26.766667,27.666667,27.451167,
26.766667,27.666667,27.456000,
26.766667,27.666667,27.460500,
26.766667,27.666667,27.462000,
26.733333,27.666667,27.465333,
26.766667,27.666667,27.471167,
26.700000,27.666667,27.472667,
26.766667,27.700000,27.478833,
26.833333,27.700000,27.482833,
26.666667,27.700000,27.482833,
26.700000,27.666667,27.482333,
26.766667,27.666667,27.488667,
26.700000,27.666667,27.489833,
26.866667,27.666667,27.492667,
26.766667,27.666667,27.491833,
26.900000,27.666667,27.488333,
26.900000,27.666667,27.487667,
26.733333,27.666667,27.499667,
26.900000,27.666667,27.508333,
26.700000,27.666667,27.514500,
26.800000,27.666667,27.515500,
26.966667,27.666667,27.520167,
26.833333,27.666667,27.528000,
26.933333,27.666667,27.524167,
26.966667,27.666667,27.529000,
26.966667,27.666667,27.531167,
27.000000,27.666667,27.532167,
27.033333,27.666667,27.533333,
27.033333,27.666667,27.532667,
27.066667,27.666667,27.533500,
27.166667,27.666667,27.533333,
27.166667,27.666667,27.535667,
27.133333,27.666667,27.537667,
27.100000,27.666667,27.537500,
27.100000,27.666667,27.537833,
27.200000,27.666667,27.542500,
27.166667,27.666667,27.546167,
27.166667,27.700000,27.550333,
27.100000,27.700000,27.551333,
27.166667,27.666667,27.556167,
27.133333,27.666667,27.556500,
27.100000,27.666667,27.558333,
27.100000,27.666667,27.559333,
27.133333,27.666667,27.564500,
27.133333,27.666667,27.567333,
27.033333,27.666667,27.566167,
27.166667,27.666667,27.571833,
27.233333,27.666667,27.571833,
27.133333,27.666667,27.575333,
27.200000,27.666667,27.578000,
27.200000,27.666667,27.579333,
27.100000,27.666667,27.582333,
27.133333,27.666667,27.586833,
27.166667,27.666667,27.588000,
27.166667,27.666667,27.587500,
27.166667,27.666667,27.588833,
27.166667,27.666667,27.591667,
27.233333,27.666667,27.600333,
27.233333,27.666667,27.601500,
27.233333,27.666667,27.602000,
27.233333,27.666667,27.610833,
27.366667,27.666667,27.614333,
27.366667,27.666667,27.615167,
27.333333,27.666667,27.619167,
27.333333,27.666667,27.618333,
27.400000,27.666667,27.618167,
27.400000,27.666667,27.620500,
27.400000,27.666667,27.620500,
27.466667,27.666667,27.623500,
27.433333,27.666667,27.623833,
27.433333,27.666667,27.625167,
27.266667,27.666667,27.625500,
27.233333,27.666667,27.625167,
27.266667,27.666667,27.622000,
27.233333,27.666667,27.624333,
27.266667,27.666667,27.620833,
27.133333,27.666667,27.622167,
27.100000,27.666667,27.623333,
27.266667,27.666667,27.624333,
27.266667,27.666667,27.627167,
27.300000,27.666667,27.624667,
27.333333,27.666667,27.626167,
27.333333,27.666667,27.624833,
27.333333,27.666667,27.623333,
27.333333,27.666667,27.620333,
27.100000,27.666667,27.622500,
27.300000,27.666667,27.626333,
27.333333,27.666667,27.630667,
27.366667,27.666667,27.629000,
27.366667,27.666667,27.629500,
27.366667,27.666667,27.631833,
27.366667,27.666667,27.632833,
27.366667,27.666667,27.632333,
27.366667,27.666667,27.630333,
27.333333,27.666667,27.630333,
27.333333,27.666667,27.629500,
27.333333,27.666667,27.631500,
27.400000,27.666667,27.630500,
27.366667,27.666667,27.632833,
27.400000,27.666667,27.633333,
27.400000,27.700000,27.636500,
27.433333,27.700000,27.639833,
27.433333,27.666667,27.638833,
27.400000,27.666667,27.639000,
27.400000,27.666667,27.637667,
27.366667,27.666667,27.638167,
27.400000,27.666667,27.640833,
27.433333,27.666667,27.641000,
27.400000,27.666667,27.637500,
27.400000,27.666667,27.644667,
27.400000,27.666667,27.648000,
27.333333,27.666667,27.647167,
27.433333,27.666667,27.648667,
27.433333,27.666667,27.648167,
27.433333,27.666667,27.647667,
27.433333,27.666667,27.646167,
27.466667,27.700000,27.649500,
27.466667,27.700000,27.649000,
27.466667,27.700000,27.649167,
27.400000,27.700000,27.647333,
27.400000,27.700000,27.650833,
27.400000,27.700000,27.649333,
27.233333,27.700000,27.647500,
27.100000,27.700000,27.645833,
27.466667,27.700000,27.650167,
27.466667,27.700000,27.650167,
27.433333,27.700000,27.650500,
27.400000,27.700000,27.651833,
27.466667,27.700000,27.652833,
27.466667,27.700000,27.652167,
27.266667,27.700000,27.653000,
27.266667,27.700000,27.653333,
27.266667,27.700000,27.654000,
27.266667,27.700000,27.655167,
27.233333,27.700000,27.655167,
27.200000,27.700000,27.650000,
27.233333,27.700000,27.652500,
27.433333,27.700000,27.652500,
27.433333,27.700000,27.652667,
27.433333,27.700000,27.652833,
27.466667,27.700000,27.653667,
27.466667,27.700000,27.653667,
27.466667,27.700000,27.651667,
27.466667,27.700000,27.653667,
27.433333,27.666667,27.652667,
27.433333,27.666667,27.652333,
27.466667,27.666667,27.655333,
27.466667,27.666667,27.654500,
27.466667,27.666667,27.655333,
27.466667,27.666667,27.656500,
27.466667,27.666667,27.657833,
27.533333,27.666667,27.657667,
27.533333,27.666667,27.657167,
27.600000,27.666667,27.658500,
27.600000,27.666667,27.658333,
27.600000,27.666667,27.658167,
27.600000,27.666667,27.658167,
27.600000,27.666667,27.658667,
27.600000,27.666667,27.658667,
27.566667,27.666667,27.658667,
27.566667,27.666667,27.657833,
27.533333,27.666667,27.654333,
27.533333,27.666667,27.654167,
27.433333,27.666667,27.655333,
27.433333,27.666667,27.654500,
27.433333,27.666667,27.653833,
27.566667,27.666667,27.655667,
27.566667,27.666667,27.656833,
27.566667,27.666667,27.658167,
27.566667,27.666667,27.657167,
27.566667,27.666667,27.657333,
27.533333,27.666667,27.656833,
27.533333,27.666667,27.657167,
27.533333,27.666667,27.656833,
27.533333,27.666667,27.657167,
27.500000,27.666667,27.658000,
27.500000,27.666667,27.656500,
27.533333,27.666667,27.657000,
27.533333,27.666667,27.658000,
27.500000,27.666667,27.655667,
27.400000,27.666667,27.655500,
27.400000,27.666667,27.654333,
27.266667,27.666667,27.652333,
27.300000,27.666667,27.652333,
27.433333,27.666667,27.655667,
27.400000,27.666667,27.656500,
27.233333,27.666667,27.655500,
27.266667,27.666667,27.655500,
27.466667,27.666667,27.654167,
27.466667,27.666667,27.652000,
27.433333,27.666667,27.651667,
27.433333,27.666667,27.655500,
27.433333,27.666667,27.654667,
27.233333,27.666667,27.654833,
27.333333,27.666667,27.654333,
27.300000,27.666667,27.654500,
27.500000,27.666667,27.658667,
27.533333,27.666667,27.657833,
27.533333,27.666667,27.657500,
27.533333,27.666667,27.657333,
27.566667,27.666667,27.657833,
27.533333,27.666667,27.657333,
27.466667,27.666667,27.655167,
27.433333,27.666667,27.655667,
27.300000,27.666667,27.652833,
27.466667,27.666667,27.653833,
27.566667,27.666667,27.655000,
27.566667,27.666667,27.655667,
27.566667,27.666667,27.656833,
27.566667,27.666667,27.654833,
27.533333,27.666667,27.654833,
27.400000,27.666667,27.655833,
27.500000,27.666667,27.656333,
27.466667,27.666667,27.657167,
27.500000,27.666667,27.656833,
27.533333,27.666667,27.658333,
27.533333,27.666667,27.659500,
27.533333,27.666667,27.661167,
27.566667,27.666667,27.661500,
27.566667,27.666667,27.661667,
27.500000,27.666667,27.663167,
27.566667,27.666667,27.662500,
27.533333,27.666667,27.661833,
27.500000,27.666667,27.662500,
27.366667,27.666667,27.662167,
27.366667,27.666667,27.659167,
27.366667,27.666667,27.658000,
27.366667,27.666667,27.659333,
27.366667,27.666667,27.660333,
27.300000,27.666667,27.659667,
27.366667,27.666667,27.660500,
27.366667,27.666667,27.658167,
27.333333,27.666667,27.657167,
27.366667,27.666667,27.659833,
27.366667,27.666667,27.659500,
27.366667,27.666667,27.659167,
27.366667,27.666667,27.660500,
27.366667,27.666667,27.658833,
27.366667,27.666667,27.661333,
27.366667,27.666667,27.662667,
27.566667,27.666667,27.664167,
27.533333,27.666667,27.664000,
27.600000,27.666667,27.664500,
27.566667,27.666667,27.664333,
27.566667,27.666667,27.663667,
27.600000,27.666667,27.663333,
27.600000,27.666667,27.662333,
27.600000,27.666667,27.661000,
27.600000,27.666667,27.661000,
27.633333,27.666667,27.661333,
27.633333,27.666667,27.661500,
27.600000,27.666667,27.662000,
27.633333,27.666667,27.662500,
27.600000,27.666667,27.663167,
27.600000,27.666667,27.662833,
27.600000,27.666667,27.662667,
27.566667,27.666667,27.662667,
27.600000,27.666667,27.663167,
27.600000,27.666667,27.663500,
27.566667,27.666667,27.661667,
27.600000,27.666667,27.662833,
27.600000,27.700000,27.663333,
27.600000,27.700000,27.664167,
27.600000,27.700000,27.664833,
27.566667,27.700000,27.665333,
27.600000,27.700000,27.665667,
27.566667,27.700000,27.665333,
27.400000,27.700000,27.665000,
27.466667,27.700000,27.665500,
27.466667,27.700000,27.665000,
27.566667,27.700000,27.665333,
27.566667,27.700000,27.666000,
27.466667,27.700000,27.667833,
27.466667,27.700000,27.666000,
27.266667,27.700000,27.667500,
27.300000,27.700000,27.668667,
27.300000,27.700000,27.668667,
27.500000,27.700000,27.667000,
27.466667,27.700000,27.668833,
