0	1000.000000	8578617890.511247	8578408098.317594	
1	1000.000000	8578607350.003046	8578408285.599552	
2	1000.000000	8578604514.061978	8578409110.227213	
3	1000.000000	8578603439.916442	8578408553.346881	
4	1000.000000	8578597029.385760	8578407398.211864	
5	1000.000000	8578600988.401650	8578406731.655956	
6	1000.000000	8578591699.996602	8578406910.573565	
7	1000.000000	8578602774.131017	8578405697.126772	
8	1000.000000	8578612177.584757	8578405509.887659	
9	1000.000000	8578607154.596500	8578404465.938447	
10	1000.000000	8578604481.944019	8578404062.549472	
11	1000.000000	8578599604.182856	8578404053.132963	
12	1000.000000	8578597529.601152	8578404651.812396	
13	1000.000000	8578606498.982635	8578405333.208445	
14	1000.000000	8578591937.475596	8578402689.985754	
15	1000.000000	8578591378.780366	8578402019.587323	
16	1000.000000	8578591004.371951	8578401934.585390	
17	1000.000000	8578593383.482179	8578400930.317844	
18	1000.000000	8578597252.707941	8578403202.493624	
19	1000.000000	8578598053.778413	8578402646.527444	
20	1000.000000	8578586951.623262	8578402761.454421	
21	1000.000000	8578582648.152985	8578402939.310891	
22	1000.000000	8578585990.114454	8578402431.949785	
23	1000.000000	8578585100.633651	8578402672.111139	
24	1000.000000	8578586126.457281	8578402766.305790	
25	1000.000000	8578586776.087269	8578401611.714761	
26	1000.000000	8578586055.998022	8578401237.268596	
27	1000.000000	8578582900.161724	8578401992.013968	
28	1000.000000	8578588688.522254	8578402787.671262	
29	1000.000000	8578586677.486667	8578401405.653492	
30	1000.000000	8578588968.942895	8578402225.334981	
31	1000.000000	8578584805.414809	8578401543.522913	
32	1000.000000	8578585508.237625	8578401075.815851	
33	1000.000000	8578585771.976144	8578401394.120259	
34	1000.000000	8578585841.624842	8578401780.697423	
35	1000.000000	8578584471.191402	8578402801.518829	
36	1000.000000	8578586008.210323	8578402148.865650	
37	1000.000000	8578582447.800188	8578402631.712996	
38	1000.000000	8578583967.376639	8578402334.241409	
39	1000.000000	8578581529.349353	8578402941.386761	
40	1000.000000	8578584215.801692	8578404028.193303	
41	1000.000000	8578583278.896077	8578402989.176880	
42	1000.000000	8578586502.880375	8578403992.787796	
43	1000.000000	8578587392.157137	8578404497.225458	
44	1000.000000	8578585546.051206	8578403787.172952	
45	1000.000000	8578583757.960499	8578403267.956369	
46	1000.000000	8578577712.375966	8578403268.568172	
47	1000.000000	8578574524.462115	8578402422.778212	
48	1000.000000	8578568746.837838	8578402404.552984	
49	1000.000000	8578569411.236515	8578401537.722245	
50	1000.000000	8578564629.168824	8578401234.882710	
51	1000.000000	8578564134.367265	8578400674.658027	
52	1000.000000	8578564365.365680	8578401605.235188	
53	1000.000000	8578568449.300242	8578401135.110063	
54	1000.000000	8578567612.717192	8578399679.677642	
55	1000.000000	8578564422.775218	8578400180.259918	
56	1000.000000	8578564555.929419	8578400158.637527	
57	1000.000000	8578565429.852091	8578401850.756921	
58	1000.000000	8578566816.997133	8578403914.490185	
59	1000.000000	8578568161.656926	8578404222.964105	
60	1000.000000	8578570868.241880	8578403946.156962	
61	1000.000000	8578566269.771807	8578403962.528997	
62	1000.000000	8578572033.274659	8578403373.801831	
63	1000.000000	8578572625.389050	8578403180.863735	
64	1000.000000	8578567763.026805	8578402819.612993	
65	1000.000000	8578569922.391237	8578403865.408350	
66	1000.000000	8578569654.338827	8578404216.126473	
67	1000.000000	8578569194.467371	8578405251.436683	
68	1000.000000	8578568773.780370	8578404828.543315	
69	1000.000000	8578564959.728231	8578405634.551766	
70	1000.000000	8578559852.076163	8578405708.924398	
71	1000.000000	8578562004.251123	8578405154.116151	
72	1000.000000	8578561280.089258	8578405220.011984	
73	1000.000000	8578566131.572035	8578405251.067937	
74	1000.000000	8578568978.910279	8578406023.809408	
75	1000.000000	8578567245.205134	8578406202.684566	
76	1000.000000	8578565332.300368	8578404686.102205	
77	1000.000000	8578569929.227302	8578405212.839451	
78	1000.000000	8578565180.801481	8578404596.810460	
79	1000.000000	8578564622.868629	8578405494.720483	
80	1000.000000	8578568334.481771	8578405363.396458	
81	1000.000000	8578560051.509308	8578404535.038937	
82	1000.000000	8578559407.852822	8578403803.701617	
83	1000.000000	8578559572.184636	8578403963.219652	
84	1000.000000	8578560591.093698	8578404715.187927	
85	1000.000000	8578559162.062319	8578405437.790754	
86	1000.000000	8578557777.163354	8578404213.414751	
87	1000.000000	8578554581.590667	8578404901.507614	
88	1000.000000	8578554944.408197	8578404775.763561	
89	1000.000000	8578557966.902396	8578405682.835528	
90	1000.000000	8578555528.807778	8578405764.826993	
91	1000.000000	8578560356.161410	8578406130.430289	
92	1000.000000	8578556134.434294	8578406061.776096	
93	1000.000000	8578556892.582330	8578406314.249727	
94	1000.000000	8578555327.198709	8578405527.230918	
95	1000.000000	8578551601.223590	8578405175.876165	
96	1000.000000	8578550981.178478	8578405490.020415	
97	1000.000000	8578550343.014482	8578404723.639960	
98	1000.000000	8578553636.246119	8578403766.570153	
99	1000.000000	8578558837.794513	8578403732.170957	
100	1000.000000	8578558073.998572	8578405113.474469	
101	1000.000000	8578560829.521009	8578405798.327952	
102	1000.000000	8578562463.624970	8578406222.217595	
103	1000.000000	8578559042.638613	8578405940.908133	
104	1000.000000	8578558555.495317	8578405869.950593	
105	1000.000000	8578559935.078949	8578405265.540626	
106	1000.000000	8578559493.422923	8578403945.160046	
107	1000.000000	8578556827.173506	8578403801.125998	
108	1000.000000	8578558434.312999	8578403787.719202	
109	1000.000000	8578562002.062768	8578404782.401218	
110	1000.000000	8578557798.956249	8578404016.681569	
111	1000.000000	8578557528.724598	8578403219.730665	
112	1000.000000	8578557129.809111	8578404030.546830	
113	1000.000000	8578556032.803838	8578403156.281510	
114	1000.000000	8578555194.511552	8578402531.194024	
115	1000.000000	8578553860.251333	8578402346.820451	
116	1000.000000	8578551174.325469	8578402534.898510	
117	1000.000000	8578554062.401879	8578402533.014589	
118	1000.000000	8578553335.946369	8578402664.809027	
119	1000.000000	8578550669.190091	8578402275.301248	
120	1000.000000	8578545842.885097	8578403316.606858	
121	1000.000000	8578546542.148134	8578402480.432225	
122	1000.000000	8578548040.491009	8578403642.797409	
123	1000.000000	8578550632.157788	8578402858.339444	
124	1000.000000	8578547946.235932	8578403192.166719	
125	1000.000000	8578548007.036231	8578403041.458033	
126	1000.000000	8578545826.147376	8578402789.149930	
127	1000.000000	8578541192.468220	8578402846.619640	
128	1000.000000	8578540190.167817	8578402389.371778	
129	1000.000000	8578541548.193439	8578402142.355771	
130	1000.000000	8578541666.845734	8578403362.821774	
131	1000.000000	8578544549.008147	8578404048.495212	
132	1000.000000	8578545653.556601	8578404318.301729	
133	1000.000000	8578540393.989078	8578404541.404447	
134	1000.000000	8578540722.901541	8578403789.252027	
135	1000.000000	8578538299.226075	8578402536.669783	
136	1000.000000	8578537622.741290	8578402375.703412	
137	1000.000000	8578537603.479053	8578401629.257013	
138	1000.000000	8578536099.017343	8578400459.452728	
139	1000.000000	8578541146.186825	8578399654.894695	
140	1000.000000	8578538928.959581	8578399906.588477	
141	1000.000000	8578541647.139010	8578400680.218123	
142	1000.000000	8578543301.084294	8578400917.787223	
143	1000.000000	8578545602.847141	8578400685.382005	
144	1000.000000	8578543780.476556	8578401387.852576	
145	1000.000000	8578544772.684635	8578401069.947176	
146	1000.000000	8578541693.186608	8578400935.575299	
147	1000.000000	8578541994.434197	8578399937.256552	
148	1000.000000	8578544921.557627	8578399856.280822	
149	1000.000000	8578539028.650190	8578399517.366945	
150	1000.000000	8578541483.015687	8578399594.531256	
151	1000.000000	8578539863.798800	8578399524.561148	
152	1000.000000	8578539292.959443	8578399413.334311	
153	1000.000000	8578534000.046322	8578399986.596434	
154	1000.000000	8578533955.059134	8578399580.599130	
155	1000.000000	8578532413.288646	8578400444.636532	
156	1000.000000	8578533834.862742	8578401177.120945	
157	1000.000000	8578530872.595366	8578400656.834408	
158	1000.000000	8578530570.602756	8578401179.765696	
159	1000.000000	8578528352.320256	8578399468.686985	
160	1000.000000	8578529755.254930	8578400377.969255	
161	1000.000000	8578525592.652276	8578400810.005139	
162	1000.000000	8578525898.993806	8578401230.324039	
163	1000.000000	8578522139.529707	8578400534.242328	
164	1000.000000	8578521657.720494	8578400468.039880	
165	1000.000000	8578524413.699807	8578399911.434550	
166	1000.000000	8578525959.586591	8578400231.878942	
167	1000.000000	8578527217.726705	8578399581.956243	
168	1000.000000	8578524697.694866	8578399743.739223	
169	1000.000000	8578523503.062822	8578399584.192394	
170	1000.000000	8578517807.957724	8578398836.537156	
171	1000.000000	8578516909.747756	8578398660.022233	
172	1000.000000	8578519161.914632	8578399446.139648	
173	1000.000000	8578520709.770432	8578398845.003085	
174	1000.000000	8578517243.035112	8578399561.599412	
175	1000.000000	8578519020.903571	8578400186.640308	
176	1000.000000	8578523098.214490	8578399857.572763	
177	1000.000000	8578520782.813955	8578399298.555831	
178	1000.000000	8578525269.742350	8578399183.534149	
179	1000.000000	8578524564.386932	8578399828.481598	
180	1000.000000	8578525656.756486	8578400030.926847	
181	1000.000000	8578525283.839090	8578400409.260207	
182	1000.000000	8578524073.313554	8578400925.032403	
183	1000.000000	8578523396.651284	8578400856.533275	
184	1000.000000	8578522800.047815	8578400797.386722	
185	1000.000000	8578516742.784394	8578401686.935886	
186	1000.000000	8578515642.498928	8578402365.281322	
187	1000.000000	8578517514.659762	8578403467.417254	
188	1000.000000	8578521949.952018	8578404445.078141	
189	1000.000000	8578520375.911465	8578405725.333704	
190	1000.000000	8578524477.493582	8578406875.907848	
191	1000.000000	8578520167.792933	8578407705.619356	
192	1000.000000	8578521673.116578	8578408327.451691	
193	1000.000000	8578521666.993619	8578408809.743799	
194	1000.000000	8578520323.863276	8578409120.875867	
195	1000.000000	8578518615.692926	8578409017.635036	
196	1000.000000	8578519135.599489	8578409802.948462	
197	1000.000000	8578515354.095064	8578409168.748521	
198	1000.000000	8578522284.780660	8578409499.558843	
199	1000.000000	8578522094.959609	8578409460.126131	
200	1000.000000	8578522713.447147	8578409261.034997	
201	1000.000000	8578525060.249413	8578408286.599636	
202	1000.000000	8578525092.836555	8578408122.044653	
203	1000.000000	8578523987.949851	8578407979.560122	
204	1000.000000	8578523374.834821	8578407361.387628	
205	1000.000000	8578520523.988962	8578407205.931771	
206	1000.000000	8578521332.483233	8578407144.956496	
207	1000.000000	8578522541.743496	8578408360.013062	
208	1000.000000	8578523432.684985	8578408738.196555	
209	1000.000000	8578524329.815913	8578408520.608395	
210	1000.000000	8578517388.979151	8578408738.665756	
211	1000.000000	8578518972.568586	8578408699.906693	
212	1000.000000	8578523570.094001	8578410378.540807	
213	1000.000000	8578524229.847599	8578410993.261751	
214	1000.000000	8578523429.342620	8578410684.467629	
215	1000.000000	8578521943.328803	8578409667.650148	
216	1000.000000	8578523933.648068	8578408151.359599	
217	1000.000000	8578523825.517013	8578408936.021981	
218	1000.000000	8578521385.615348	8578409460.280128	
219	1000.000000	8578520565.157832	8578408859.172236	
220	1000.000000	8578519824.735121	8578408070.513994	
221	1000.000000	8578517049.594487	8578408461.096089	
222	1000.000000	8578517806.900113	8578408487.489196	
223	1000.000000	8578518327.212836	8578409133.057452	
224	1000.000000	8578518042.736467	8578408837.377408	
225	1000.000000	8578515900.333128	8578409299.723855	
226	1000.000000	8578520187.689394	8578408923.800469	
227	1000.000000	8578518366.746363	8578409415.892920	
228	1000.000000	8578517850.911300	8578408421.694138	
229	1000.000000	8578518356.304942	8578408276.216125	
230	1000.000000	8578516048.178011	8578408277.657093	
231	1000.000000	8578514973.493464	8578408108.718255	
232	1000.000000	8578516842.598886	8578407591.569331	
233	1000.000000	8578520031.340611	8578408012.151121	
234	1000.000000	8578521709.414917	8578408009.885242	
235	1000.000000	8578517771.196213	8578408098.505124	
236	1000.000000	8578513550.730406	8578408431.153464	
237	1000.000000	8578514358.794161	8578407633.288358	
238	1000.000000	8578517061.187968	8578408133.502208	
239	1000.000000	8578517797.937441	8578408510.747876	
240	1000.000000	8578516245.472448	8578408804.722106	
241	1000.000000	8578517090.351690	8578408984.240902	
242	1000.000000	8578515505.769251	8578408637.275364	
243	1000.000000	8578513252.348861	8578408604.015349	
244	1000.000000	8578516968.031296	8578409894.825659	
245	1000.000000	8578517342.950377	8578410119.436063	
246	1000.000000	8578514349.681733	8578412055.351440	
247	1000.000000	8578512398.560369	8578411181.928205	
248	1000.000000	8578514206.425888	8578410729.159001	
249	1000.000000	8578510881.799271	8578409790.053435	
250	1000.000000	8578513442.605649	8578409069.154449	
251	1000.000000	8578511230.803785	8578409228.837559	
252	1000.000000	8578512073.428577	8578409595.866315	
253	1000.000000	8578512543.506058	8578410231.783837	
254	1000.000000	8578511871.041859	8578410741.905039	
255	1000.000000	8578508937.104140	8578410417.166402	
256	1000.000000	8578508010.049784	8578411504.251737	
257	1000.000000	8578508410.544284	8578411803.665885	
258	1000.000000	8578509016.911793	8578411241.133195	
259	1000.000000	8578507184.506093	8578411961.198546	
260	1000.000000	8578505672.003241	8578412130.469343	
261	1000.000000	8578508492.509141	8578412686.955144	
262	1000.000000	8578507106.274434	8578412368.687390	
263	1000.000000	8578508180.939736	8578412235.748852	
264	1000.000000	8578507548.053201	8578411798.774197	
265	1000.000000	8578509699.424119	8578411782.511319	
266	1000.000000	8578509242.663230	8578412534.976680	
267	1000.000000	8578505119.055684	8578412341.279922	
268	1000.000000	8578507104.703465	8578412333.678055	
269	1000.000000	8578504407.194790	8578411570.588092	
270	1000.000000	8578506577.301318	8578411825.773907	
271	1000.000000	8578508231.499994	8578412023.646032	
272	1000.000000	8578510361.451935	8578412792.845706	
273	1000.000000	8578509815.773980	8578413441.174499	
274	1000.000000	8578508831.649954	8578413956.476489	
275	1000.000000	8578509664.069179	8578413904.070058	
276	1000.000000	8578507818.281887	8578413518.903610	
277	1000.000000	8578508749.444467	8578413653.442113	
278	1000.000000	8578507266.676088	8578413929.599849	
279	1000.000000	8578507123.545188	8578414195.252917	
280	1000.000000	8578506277.654101	8578414741.978120	
281	1000.000000	8578506571.121552	8578414395.923056	
282	1000.000000	8578507116.954355	8578413112.822980	
283	1000.000000	8578507339.410837	8578412870.648097	
284	1000.000000	8578506745.860131	8578413078.079786	
285	1000.000000	8578507670.223354	8578413862.765390	
286	1000.000000	8578507389.370379	8578414220.376147	
287	1000.000000	8578505132.939877	8578415050.169827	
288	1000.000000	8578505211.735925	8578414972.298535	
289	1000.000000	8578505886.874709	8578414144.199343	
290	1000.000000	8578501923.983197	8578414614.323743	
291	1000.000000	8578500933.213364	8578414013.213825	
292	1000.000000	8578502462.512461	8578414203.354751	
293	1000.000000	8578498633.943762	8578414335.924544	
294	1000.000000	8578500897.402719	8578413388.546081	
295	1000.000000	8578501336.290630	8578413122.699100	
296	1000.000000	8578500492.141848	8578413015.796848	
297	1000.000000	8578500658.877891	8578413801.056466	
298	1000.000000	8578500750.451259	8578413800.760202	
299	1000.000000	8578502553.074094	8578413813.221882	
300	1000.000000	8578502212.240849	8578413384.009480	
301	1000.000000	8578499205.943789	8578413158.198257	
302	1000.000000	8578500454.534888	8578412520.690762	
303	1000.000000	8578500228.173056	8578412440.807513	
304	1000.000000	8578499917.807928	8578412730.224850	
305	1000.000000	8578501485.878901	8578412765.554046	
306	1000.000000	8578502238.389437	8578413782.062350	
307	1000.000000	8578502576.116778	8578413505.800516	
308	1000.000000	8578503287.909848	8578413417.678894	
309	1000.000000	8578503119.498793	8578413347.641704	
310	1000.000000	8578501856.386324	8578412899.363071	
311	1000.000000	8578499505.698583	8578413259.760213	
312	1000.000000	8578498881.216513	8578413263.615065	
313	1000.000000	8578499269.656956	8578413379.215587	
314	1000.000000	8578497919.548765	8578412310.753572	
315	1000.000000	8578497506.263002	8578411791.184907	
316	1000.000000	8578498904.439630	8578412099.069915	
317	1000.000000	8578498429.717557	8578412190.874849	
318	1000.000000	8578496592.814108	8578411461.084668	
319	1000.000000	8578494918.103644	8578411785.964590	
320	1000.000000	8578495515.547496	8578412115.826392	
321	1000.000000	8578498411.662250	8578411706.456036	
322	1000.000000	8578496572.655655	8578412106.363878	
323	1000.000000	8578495304.495173	8578411754.178089	
324	1000.000000	8578496559.792575	8578412098.018012	
325	1000.000000	8578495026.601170	8578411237.777778	
326	1000.000000	8578493970.101762	8578411669.990900	
327	1000.000000	8578494303.339430	8578412311.298343	
328	1000.000000	8578493998.591726	8578411591.941247	
329	1000.000000	8578497329.571362	8578412247.934861	
330	1000.000000	8578494821.207641	8578412973.881715	
331	1000.000000	8578496093.174615	8578413056.388770	
332	1000.000000	8578491332.554579	8578412857.151763	
333	1000.000000	8578493427.221858	8578412444.324485	
334	1000.000000	8578493901.663369	8578412787.475971	
335	1000.000000	8578492974.662128	8578412404.008471	
336	1000.000000	8578492840.339273	8578411619.316537	
337	1000.000000	8578491241.062773	8578411099.195400	
338	1000.000000	8578489034.072889	8578411010.575945	
339	1000.000000	8578489019.775577	8578410809.269124	
340	1000.000000	8578489466.064072	8578411043.230138	
341	1000.000000	8578487917.930780	8578411535.057373	
342	1000.000000	8578489523.227861	8578411531.843366	
343	1000.000000	8578488500.122440	8578411216.546563	
344	1000.000000	8578486808.160602	8578411411.211651	
345	1000.000000	8578487312.911152	8578411574.048542	
346	1000.000000	8578488468.227261	8578411574.812623	
347	1000.000000	8578487073.760428	8578410443.016407	
348	1000.000000	8578489031.444218	8578410540.221055	
349	1000.000000	8578487494.806396	8578409896.756197	
350	1000.000000	8578486845.589321	8578409414.601620	
351	1000.000000	8578487589.468522	8578409176.832175	
352	1000.000000	8578485042.106189	8578408937.958470	
353	1000.000000	8578488602.061000	8578409243.182112	
354	1000.000000	8578487883.050345	8578409306.205420	
355	1000.000000	8578483879.795444	8578408626.258248	
356	1000.000000	8578484392.010195	8578408865.477519	
357	1000.000000	8578488148.296557	8578408577.134690	
358	1000.000000	8578486931.240332	8578409067.772604	
359	1000.000000	8578484937.128566	8578408454.241582	
360	1000.000000	8578484812.455791	8578408948.840236	
361	1000.000000	8578486320.086139	8578409703.738093	
362	1000.000000	8578485771.728819	8578409539.344557	
363	1000.000000	8578484570.464633	8578408548.393572	
364	1000.000000	8578486174.939163	8578408768.292379	
365	1000.000000	8578484966.380643	8578409100.401373	
366	1000.000000	8578483833.595446	8578409433.734370	
367	1000.000000	8578484328.667246	8578409857.187933	
368	1000.000000	8578484554.620328	8578409931.101275	
369	1000.000000	8578480819.163721	8578409524.883972	
370	1000.000000	8578482360.657416	8578410034.693913	
371	1000.000000	8578484843.058801	8578410824.485821	
372	1000.000000	8578486864.168360	8578410977.030602	
373	1000.000000	8578485971.657133	8578411435.781096	
374	1000.000000	8578483379.228925	8578411408.195493	
375	1000.000000	8578485628.466985	8578411392.551279	
376	1000.000000	8578485361.995311	8578411574.421418	
377	1000.000000	8578485397.930350	8578411624.717096	
378	1000.000000	8578483950.398654	8578411324.128618	
379	1000.000000	8578483203.929893	8578411304.920794	
380	1000.000000	8578483940.268696	8578411269.035959	
381	1000.000000	8578483855.554316	8578411119.484238	
382	1000.000000	8578482803.541623	8578411491.536703	
383	1000.000000	8578484699.256145	8578412022.438478	
384	1000.000000	8578484843.047299	8578412044.695480	
385	1000.000000	8578484739.431874	8578411810.964379	
386	1000.000000	8578484234.185960	8578411239.754583	
387	1000.000000	8578482205.561047	8578411881.320813	
388	1000.000000	8578481611.749310	8578411251.723832	
389	1000.000000	8578482538.489794	8578411363.769384	
390	1000.000000	8578484001.461926	8578411174.086035	
391	1000.000000	8578483794.001524	8578410678.499004	
392	1000.000000	8578481793.533154	8578410647.645052	
393	1000.000000	8578482080.992643	8578411221.395002	
394	1000.000000	8578483391.887944	8578410990.142307	
395	1000.000000	8578481313.774287	8578411281.380397	
396	1000.000000	8578480840.902224	8578410570.758702	
397	1000.000000	8578479966.680770	8578410027.434355	
398	1000.000000	8578479362.520041	8578410449.399250	
399	1000.000000	8578478835.558795	8578410987.856368	
400	1000.000000	8578480816.052883	8578411675.518422	
401	1000.000000	8578481115.940214	8578411743.512934	
402	1000.000000	8578480214.323797	8578412021.107296	
403	1000.000000	8578479894.292028	8578412100.985599	
404	1000.000000	8578479801.945418	8578411775.637262	
405	1000.000000	8578479657.945228	8578411856.010467	
406	1000.000000	8578478093.207421	8578411659.674714	
407	1000.000000	8578479074.587976	8578412010.403201	
408	1000.000000	8578478654.975325	8578412113.776549	
409	1000.000000	8578476993.015627	8578411983.442487	
410	1000.000000	8578477897.235906	8578411676.808180	
411	1000.000000	8578478217.920821	8578411686.586493	
412	1000.000000	8578477696.630514	8578411818.625317	
413	1000.000000	8578477342.983001	8578411695.713425	
414	1000.000000	8578476830.240859	8578411816.222383	
415	1000.000000	8578476909.135483	8578411901.288548	
416	1000.000000	8578476318.965738	8578412173.809446	
417	1000.000000	8578477392.796388	8578412204.380304	
418	1000.000000	8578475366.556563	8578411979.060712	
419	1000.000000	8578475723.064936	8578411011.232780	
420	1000.000000	8578474745.862809	8578410442.495427	
421	1000.000000	8578474533.405207	8578409881.691759	
422	1000.000000	8578474097.166006	8578410139.792086	
423	1000.000000	8578475047.496940	8578409960.721964	
424	1000.000000	8578476265.054180	8578410441.952804	
425	1000.000000	8578474974.680171	8578410962.635984	
426	1000.000000	8578473297.334052	8578410691.135589	
427	1000.000000	8578475275.684211	8578410633.870497	
428	1000.000000	8578475324.875845	8578410966.237626	
429	1000.000000	8578472630.815685	8578410774.431852	
430	1000.000000	8578472691.301070	8578410564.067388	
431	1000.000000	8578473462.236700	8578410300.791900	
432	1000.000000	8578472746.054057	8578410393.488376	
433	1000.000000	8578470849.820374	8578410526.044177	
434	1000.000000	8578471758.836930	8578410846.276004	
435	1000.000000	8578471294.252380	8578410403.008157	
436	1000.000000	8578470753.394822	8578409673.657561	
437	1000.000000	8578470452.410869	8578408938.549465	
438	1000.000000	8578469406.742694	8578408750.169580	
439	1000.000000	8578468951.121507	8578408583.852752	
440	1000.000000	8578467424.970089	8578408636.517859	
441	1000.000000	8578466460.458510	8578408385.405138	
442	1000.000000	8578467882.117062	8578408305.721767	
443	1000.000000	8578468689.435374	8578408534.115113	
444	1000.000000	8578467734.969559	8578408371.315845	
445	1000.000000	8578467982.310009	8578408392.380190	
446	1000.000000	8578466492.984349	8578408545.117492	
447	1000.000000	8578466214.840798	8578408778.587320	
448	1000.000000	8578466029.167075	8578409248.067599	
449	1000.000000	8578466194.978821	8578409263.173039	
450	1000.000000	8578465741.238118	8578409949.273993	
451	1000.000000	8578468392.182569	8578410184.594819	
452	1000.000000	8578466218.285748	8578409890.805186	
453	1000.000000	8578466881.161068	8578410402.484477	
454	1000.000000	8578468038.238086	8578410622.299300	
455	1000.000000	8578465565.657111	8578410178.974590	
456	1000.000000	8578465855.106005	8578410560.499286	
457	1000.000000	8578465917.728143	8578410604.887434	
458	1000.000000	8578466489.282909	8578410797.718021	
459	1000.000000	8578466050.503072	8578410788.981988	
460	1000.000000	8578464652.423844	8578411501.395961	
461	1000.000000	8578465598.274444	8578411504.667218	
462	1000.000000	8578466852.249241	8578411745.976858	
463	1000.000000	8578464590.160416	8578411760.241488	
464	1000.000000	8578465459.399112	8578412056.273392	
465	1000.000000	8578466423.597548	8578411937.503025	
466	1000.000000	8578464779.793909	8578411544.539654	
467	1000.000000	8578464269.243347	8578411089.777934	
468	1000.000000	8578464192.683572	8578411330.002088	
469	1000.000000	8578463651.521760	8578411334.149797	
470	1000.000000	8578464701.240769	8578411583.212113	
471	1000.000000	8578465455.269484	8578411426.856236	
472	1000.000000	8578466464.154708	8578411315.214583	
473	1000.000000	8578464831.131427	8578411201.716234	
474	1000.000000	8578464870.173162	8578411208.377214	
475	1000.000000	8578464866.068149	8578411303.696088	
476	1000.000000	8578465197.873137	8578411390.173975	
477	1000.000000	8578464390.917210	8578411257.157209	
478	1000.000000	8578465318.711290	8578411504.309520	
479	1000.000000	8578464594.654390	8578411813.987658	
480	1000.000000	8578464283.889532	8578411906.602407	
481	1000.000000	8578464599.146041	8578412091.927346	
482	1000.000000	8578464598.474865	8578412093.929188	
483	1000.000000	8578464430.710039	8578411771.352329	
484	1000.000000	8578464762.911036	8578412131.426274	
485	1000.000000	8578462936.150130	8578412079.825633	
486	1000.000000	8578463121.579223	8578411467.566890	
487	1000.000000	8578464360.100688	8578411609.303819	
488	1000.000000	8578463313.338744	8578412017.300249	
489	1000.000000	8578463233.451244	8578412612.388396	
490	1000.000000	8578462931.628908	8578412582.035751	
491	1000.000000	8578463028.537521	8578412497.326166	
492	1000.000000	8578461608.696165	8578412536.121891	
493	1000.000000	8578461609.434254	8578412815.630179	
494	1000.000000	8578461682.980031	8578413195.267120	
495	1000.000000	8578460864.699357	8578413199.333342	
496	1000.000000	8578460873.332658	8578412559.762560	
497	1000.000000	8578461416.821301	8578412421.492797	
498	1000.000000	8578460868.173299	8578412353.989038	
499	1000.000000	8578460728.923826	8578412980.029881	
