769.039299,4009808.638826,2155500.157987,
990.916963,4074471.649094,2686052.554962,
1000.000000,4099734.586837,2991310.206568,
1000.000000,4127213.314292,3197208.830403,
1000.000000,4139640.549686,3332769.788166,
1000.000000,4139660.001726,3429707.885417,
1000.000000,4156287.182000,3491807.322969,
1000.000000,4164888.287302,3557758.878303,
1000.000000,4185548.767719,3602056.022060,
1000.000000,4180496.565524,3637199.439328,
1000.000000,4198507.111332,3673140.018121,
1000.000000,4203056.169039,3699361.929903,
1000.000000,4198282.146859,3724138.713005,
1000.000000,4199988.474018,3751093.775941,
1000.000000,4204323.146980,3774394.864092,
1000.000000,4210888.317291,3789957.669381,
1000.000000,4221029.976773,3805175.367539,
1000.000000,4224461.790566,3822416.956763,
1000.000000,4224071.740334,3840526.112112,
1000.000000,4226441.663559,3849715.405921,
1000.000000,4228928.356720,3869155.029975,
1000.000000,4227508.639312,3878256.668901,
1000.000000,4223011.223360,3887803.737200,
1000.000000,4227364.017794,3901471.419499,
1000.000000,4233186.328375,3910600.209592,
1000.000000,4224805.856379,3918023.060255,
1000.000000,4223513.283203,3925684.077308,
1000.000000,4227896.835103,3937148.606370,
1000.000000,4235784.600382,3945671.870007,
1000.000000,4236566.699900,3948720.035308,
1000.000000,4244383.431205,3952510.001848,
1000.000000,4247687.785669,3963855.888602,
1000.000000,4255487.748237,3972846.906794,
1000.000000,4255859.471402,3983104.665421,
1000.000000,4256096.866608,3990681.024191,
1000.000000,4258022.330315,4000380.912022,
1000.000000,4252129.949972,4008779.660717,
1000.000000,4256489.368450,4012630.497003,
1000.000000,4255258.661105,4019298.105347,
1000.000000,4258074.176164,4023298.743879,
1000.000000,4260946.568303,4028539.517842,
1000.000000,4262428.669204,4031497.193948,
1000.000000,4267316.626972,4038752.124954,
1000.000000,4264622.591028,4043018.366030,
1000.000000,4261619.181240,4045586.331114,
1000.000000,4260537.197991,4053306.689299,
1000.000000,4263026.903804,4054594.623350,
1000.000000,4262326.021813,4059969.832850,
1000.000000,4261767.489090,4060981.686534,
1000.000000,4259045.076606,4064682.306273,
1000.000000,4262474.979939,4065537.345169,
1000.000000,4255622.912509,4070599.756598,
1000.000000,4256691.116921,4076900.467129,
1000.000000,4260668.326335,4081228.077272,
1000.000000,4257351.394462,4079811.403714,
1000.000000,4254331.008113,4081922.609833,
1000.000000,4255476.619336,4088138.563333,
1000.000000,4255298.254030,4087292.684464,
1000.000000,4252571.248084,4091763.292737,
1000.000000,4253786.333724,4091766.594602,
1000.000000,4256898.784025,4093459.505421,
1000.000000,4253129.744310,4096686.261060,
1000.000000,4258379.615824,4097589.382709,
1000.000000,4261889.180366,4100212.216546,
1000.000000,4264142.425176,4103989.623791,
1000.000000,4265102.771377,4104826.642765,
1000.000000,4259334.391090,4103937.535003,
1000.000000,4265930.163719,4105867.142244,
1000.000000,4260411.750813,4105698.249609,
1000.000000,4262987.798488,4105855.910332,
1000.000000,4264649.156621,4112187.981434,
1000.000000,4266401.887801,4113913.201231,
1000.000000,4264857.539385,4115892.759686,
1000.000000,4267550.534212,4119354.054512,
1000.000000,4268525.868635,4124445.831281,
1000.000000,4266910.542861,4123905.270278,
1000.000000,4267467.174930,4123548.580465,
1000.000000,4270981.761228,4124883.876652,
1000.000000,4267532.102605,4127425.331652,
1000.000000,4268067.282576,4126298.431088,
1000.000000,4271118.850014,4125507.294373,
1000.000000,4267997.560526,4124557.410249,
1000.000000,4269988.000926,4127958.810706,
1000.000000,4270486.960310,4127957.627019,
1000.000000,4268847.724512,4134024.185942,
1000.000000,4271804.518356,4134073.602527,
1000.000000,4275773.903584,4134153.417458,
1000.000000,4265214.884666,4137925.807729,
1000.000000,4267383.682168,4138708.768256,
1000.000000,4269525.166026,4139598.547719,
1000.000000,4267742.366929,4141056.089309,
1000.000000,4273251.030129,4140028.037112,
1000.000000,4269955.277132,4142576.894899,
1000.000000,4270533.820267,4143313.855583,
1000.000000,4268045.145171,4148157.522643,
1000.000000,4271208.427989,4146970.366639,
1000.000000,4270474.663047,4149794.361857,
1000.000000,4269527.796960,4147850.692022,
1000.000000,4270881.528344,4147187.462985,
1000.000000,4267217.743671,4149714.902873,
1000.000000,4268896.988948,4150135.016887,
1000.000000,4269263.466665,4154548.751872,
1000.000000,4267746.635015,4153319.859056,
1000.000000,4269980.681934,4155536.926219,
1000.000000,4269366.728417,4155622.769654,
1000.000000,4269656.305699,4155902.350070,
1000.000000,4269472.494517,4159621.703274,
1000.000000,4270431.696987,4158827.923132,
1000.000000,4277127.370798,4160420.718896,
1000.000000,4277416.715826,4162016.410844,
1000.000000,4278862.000093,4162643.728398,
1000.000000,4278318.154766,4162743.556576,
1000.000000,4279835.584505,4166417.569318,
1000.000000,4278593.913491,4164586.355299,
1000.000000,4283514.526099,4167820.636515,
1000.000000,4283581.800673,4168718.284291,
1000.000000,4282526.667288,4171875.470974,
1000.000000,4282546.790163,4167741.824531,
1000.000000,4283189.357121,4165886.165760,
1000.000000,4279621.612743,4167028.319428,
1000.000000,4276939.802458,4171673.051277,
1000.000000,4277672.546967,4171013.313220,
1000.000000,4278367.540694,4171669.651308,
1000.000000,4277457.070507,4171676.978065,
1000.000000,4279364.559950,4173076.264061,
1000.000000,4278842.526168,4174466.921329,
1000.000000,4278842.626123,4175420.449692,
1000.000000,4276460.152340,4176457.836575,
1000.000000,4274227.453872,4178684.266333,
1000.000000,4275410.622255,4179665.434883,
1000.000000,4275382.398786,4180790.929398,
1000.000000,4275887.343633,4179916.600477,
1000.000000,4278009.013035,4178463.270640,
1000.000000,4283152.027301,4181901.106431,
1000.000000,4278964.533271,4184298.690845,
1000.000000,4281589.245559,4185764.403214,
1000.000000,4279933.434370,4182750.913638,
1000.000000,4280162.338956,4185860.405744,
1000.000000,4278697.730953,4189541.545891,
1000.000000,4278675.900646,4191081.500808,
1000.000000,4278397.067504,4190817.529676,
1000.000000,4277333.793802,4191404.166530,
1000.000000,4277612.492515,4190284.649822,
1000.000000,4276981.367811,4190366.356570,
1000.000000,4275998.478637,4190710.107320,
1000.000000,4278984.501799,4190132.810292,
1000.000000,4278843.615568,4193698.997672,
1000.000000,4278443.216167,4196222.371387,
1000.000000,4276557.790721,4194841.812897,
1000.000000,4275300.053674,4198464.028204,
1000.000000,4273791.100317,4195438.642878,
1000.000000,4276289.667361,4196739.416470,
1000.000000,4276310.516516,4198174.679479,
1000.000000,4277046.433962,4200791.309188,
1000.000000,4278018.272564,4201723.537012,
1000.000000,4277544.635647,4205458.808173,
1000.000000,4277135.810783,4206755.056151,
1000.000000,4277440.704261,4204619.501687,
1000.000000,4277828.775161,4204550.988816,
1000.000000,4279032.484407,4203258.901686,
1000.000000,4278202.347271,4203151.019451,
1000.000000,4278070.784407,4200208.344279,
1000.000000,4278279.636258,4198581.613347,
1000.000000,4276355.470108,4199680.953987,
1000.000000,4281249.357056,4203194.641488,
1000.000000,4279814.608283,4204044.615109,
1000.000000,4279935.245629,4203723.266041,
1000.000000,4275684.180422,4203336.221842,
1000.000000,4275549.089798,4204842.445717,
1000.000000,4276450.283772,4202138.240155,
1000.000000,4278043.641634,4205789.996599,
1000.000000,4277822.639026,4205713.578576,
1000.000000,4277696.858107,4210067.289946,
1000.000000,4275992.452198,4206298.407310,
1000.000000,4275407.173327,4204828.020932,
1000.000000,4274720.525087,4203162.501039,
1000.000000,4272443.810567,4208805.694271,
1000.000000,4271318.417740,4208038.574363,
1000.000000,4275891.637158,4209443.448421,
1000.000000,4276516.469854,4208753.806202,
1000.000000,4276351.272391,4208744.591370,
1000.000000,4275586.783017,4212252.099693,
1000.000000,4271961.275880,4210518.495660,
1000.000000,4275761.879178,4211948.078286,
1000.000000,4276599.972907,4209110.824721,
1000.000000,4275312.790201,4212471.327722,
1000.000000,4277198.264109,4213926.113449,
1000.000000,4278941.008877,4213535.986459,
1000.000000,4274461.334505,4212982.517323,
1000.000000,4274029.607927,4212779.912002,
1000.000000,4274827.804894,4213444.959852,
1000.000000,4274619.357069,4214300.239013,
1000.000000,4277587.995022,4216758.653880,
1000.000000,4277133.877791,4215045.914960,
1000.000000,4276329.784965,4214221.232085,
1000.000000,4275872.891361,4215629.388211,
1000.000000,4275447.068823,4212552.098524,
1000.000000,4276923.389649,4214333.936801,
1000.000000,4280036.881251,4216697.607378,
1000.000000,4278257.545260,4220353.571524,
1000.000000,4275628.656910,4219307.563174,
1000.000000,4275059.230709,4217040.975132,
1000.000000,4272022.300010,4217163.166652,
1000.000000,4272750.284425,4215734.830077,
1000.000000,4274628.182581,4215376.837631,
1000.000000,4273439.709811,4216100.173225,
1000.000000,4278479.179915,4214445.177574,
1000.000000,4278596.644018,4219233.158304,
1000.000000,4277552.330265,4220208.390541,
1000.000000,4276794.725870,4218890.795269,
1000.000000,4278863.503460,4220002.728322,
1000.000000,4278895.103656,4219033.525396,
1000.000000,4280928.806978,4220461.310829,
1000.000000,4276712.637969,4220631.419476,
1000.000000,4277001.691029,4216496.014395,
1000.000000,4277402.597282,4215294.652794,
1000.000000,4277188.466331,4216650.243902,
1000.000000,4277732.640007,4218317.799956,
1000.000000,4273211.496230,4219224.947578,
1000.000000,4277999.684466,4217035.908397,
1000.000000,4277613.546781,4222674.189502,
1000.000000,4278196.178251,4223615.395577,
1000.000000,4277750.852863,4222584.711303,
1000.000000,4280497.669615,4221904.663955,
1000.000000,4275077.577563,4222564.237669,
1000.000000,4275709.379048,4220073.432668,
1000.000000,4275688.647897,4222746.079266,
1000.000000,4273708.117843,4223776.502206,
1000.000000,4273948.663807,4222403.240675,
1000.000000,4279066.435842,4222731.357334,
1000.000000,4279254.041469,4225510.606641,
1000.000000,4278639.340577,4223130.487396,
1000.000000,4280636.874343,4221814.395046,
1000.000000,4280049.967114,4221373.428523,
1000.000000,4280707.247027,4222470.321433,
1000.000000,4276198.609647,4222779.813961,
1000.000000,4277205.848348,4226750.690257,
1000.000000,4277761.096352,4224767.726458,
1000.000000,4277443.651040,4224478.463579,
1000.000000,4276132.595350,4225883.280828,
1000.000000,4275817.188861,4227260.877994,
1000.000000,4275656.119309,4225180.687842,
1000.000000,4275265.907888,4223747.917397,
1000.000000,4276667.340155,4227660.504473,
1000.000000,4275707.715609,4228165.452257,
1000.000000,4276493.491565,4224111.926009,
1000.000000,4276642.443759,4225645.458063,
1000.000000,4275720.289607,4226598.429853,
1000.000000,4275533.063928,4227046.226841,
1000.000000,4275812.539387,4224780.644393,
1000.000000,4275309.427344,4223279.207861,
1000.000000,4275810.648914,4222735.196451,
1000.000000,4277962.247916,4225484.241247,
1000.000000,4278052.199853,4225222.116673,
1000.000000,4277472.732957,4225944.823333,
1000.000000,4278164.190697,4223005.100524,
1000.000000,4278199.710123,4224996.057478,
1000.000000,4276812.763870,4224971.736124,
1000.000000,4279690.086109,4221333.952667,
1000.000000,4280615.591140,4221491.258257,
1000.000000,4279332.948701,4220490.404564,
1000.000000,4278636.300182,4222000.724979,
1000.000000,4279712.361212,4225068.374806,
1000.000000,4278121.660473,4226046.016761,
1000.000000,4279239.021469,4223265.550478,
1000.000000,4279065.086293,4224195.259765,
1000.000000,4279055.084247,4222283.654140,
1000.000000,4279305.295655,4222683.596767,
1000.000000,4279338.582630,4223852.906670,
1000.000000,4279263.283216,4223726.550155,
1000.000000,4279107.112928,4222338.438597,
1000.000000,4279136.821878,4223298.550396,
1000.000000,4280740.999369,4220128.699866,
1000.000000,4280452.157815,4220530.216941,
1000.000000,4280442.549020,4224876.264085,
1000.000000,4281055.313716,4226395.752882,
1000.000000,4285082.606518,4225134.155501,
1000.000000,4286764.559296,4225947.815529,
1000.000000,4285538.436774,4225590.059394,
1000.000000,4284890.604901,4224880.095844,
1000.000000,4285997.087663,4227476.380650,
1000.000000,4285068.798060,4223932.198435,
1000.000000,4285767.470794,4223457.179674,
1000.000000,4284815.584906,4223155.752998,
1000.000000,4284653.498429,4223550.767585,
1000.000000,4280140.107873,4223357.865812,
1000.000000,4280100.517915,4219124.728180,
1000.000000,4279659.764938,4223973.990098,
1000.000000,4279685.900517,4222332.294169,
1000.000000,4279830.322028,4225349.696870,
1000.000000,4280049.799105,4226216.690217,
1000.000000,4279810.328887,4226803.973889,
1000.000000,4280355.125223,4227684.210690,
1000.000000,4281320.998481,4227960.651583,
1000.000000,4281246.961669,4227013.093700,
1000.000000,4280710.848977,4225295.233342,
1000.000000,4280710.999757,4228741.535227,
1000.000000,4280570.215993,4229805.146144,
1000.000000,4281262.148702,4228004.380314,
1000.000000,4282626.944622,4227270.513838,
1000.000000,4281217.500914,4229795.160353,
1000.000000,4278829.962318,4230139.657239,
1000.000000,4280151.550982,4231032.739629,
1000.000000,4279405.144073,4230641.520550,
1000.000000,4279053.026341,4231398.172301,
1000.000000,4281476.837204,4229834.754646,
1000.000000,4281900.272854,4231411.026581,
1000.000000,4281627.669283,4232413.525876,
1000.000000,4281309.103160,4232589.989302,
1000.000000,4279981.874552,4231325.584700,
1000.000000,4280711.805916,4231086.608380,
1000.000000,4278561.870218,4229782.841963,
1000.000000,4278332.545250,4231293.843781,
1000.000000,4278491.248406,4230094.407431,
1000.000000,4279436.883306,4230238.525942,
1000.000000,4279522.183232,4232306.708313,
1000.000000,4280180.516884,4232416.623263,
1000.000000,4280294.566054,4231449.828163,
1000.000000,4279176.295031,4231088.249198,
1000.000000,4280114.940985,4230912.913189,
1000.000000,4279159.332571,4227371.420466,
1000.000000,4280438.534745,4231429.276289,
1000.000000,4280631.201591,4231693.931349,
1000.000000,4279707.616280,4231580.249721,
1000.000000,4279213.618651,4229120.537626,
1000.000000,4279509.457250,4232037.889466,
1000.000000,4280363.171473,4232575.113627,
1000.000000,4286018.179772,4235851.563376,
1000.000000,4286102.376825,4237311.511950,
1000.000000,4286357.454627,4239013.196407,
1000.000000,4284352.884922,4235433.072186,
1000.000000,4283767.376497,4234653.395177,
1000.000000,4285332.971181,4235199.991300,
1000.000000,4286720.510809,4234666.666708,
1000.000000,4286887.620676,4234729.437004,
1000.000000,4287183.486799,4234156.213772,
1000.000000,4287501.048805,4233181.312966,
1000.000000,4286678.119337,4234854.081917,
1000.000000,4287020.580228,4236970.941329,
1000.000000,4287387.837880,4237545.113055,
1000.000000,4287854.258064,4236345.724300,
1000.000000,4285849.808826,4238208.258611,
1000.000000,4281227.243285,4238892.918430,
1000.000000,4280869.314823,4236457.790408,
1000.000000,4281186.703928,4238065.952760,
1000.000000,4281183.341652,4237216.735168,
1000.000000,4280943.168824,4236211.361120,
1000.000000,4282009.732439,4235752.368221,
1000.000000,4282012.916026,4236099.353797,
1000.000000,4282106.740335,4238959.567836,
1000.000000,4281882.602601,4238294.334839,
1000.000000,4287129.207358,4236212.730259,
1000.000000,4287259.479161,4237252.948116,
1000.000000,4287208.276928,4233947.284730,
1000.000000,4282809.502074,4238090.614638,
1000.000000,4282773.465283,4236083.999567,
1000.000000,4282242.170062,4237732.006997,
1000.000000,4282312.987297,4235681.308137,
1000.000000,4282945.032679,4239044.464419,
1000.000000,4287833.383650,4237065.197548,
1000.000000,4287642.038232,4238567.275909,
1000.000000,4286932.288892,4239144.248760,
1000.000000,4286647.661723,4236346.919349,
1000.000000,4287071.444921,4237248.479613,
1000.000000,4286885.380344,4235585.072933,
1000.000000,4287503.016174,4236654.396020,
1000.000000,4286776.275329,4239029.194625,
1000.000000,4286436.196633,4237009.035332,
1000.000000,4286842.578535,4236615.404942,
1000.000000,4287493.950185,4238317.129591,
1000.000000,4286259.486268,4236246.650997,
1000.000000,4286880.371987,4234222.555899,
1000.000000,4287040.684456,4234159.501614,
1000.000000,4286615.209952,4235293.395297,
1000.000000,4286954.541420,4236968.318346,
1000.000000,4287986.897088,4234552.666540,
1000.000000,4287311.520700,4236133.873406,
1000.000000,4287260.105428,4234902.933238,
1000.000000,4286936.241723,4238208.705100,
1000.000000,4286322.134008,4233829.128085,
1000.000000,4286903.032331,4237278.088464,
1000.000000,4287147.092594,4240527.881655,
1000.000000,4287889.883663,4237952.344344,
1000.000000,4286701.038067,4240143.799208,
1000.000000,4286943.955730,4237836.245762,
1000.000000,4287234.966920,4234819.181229,
1000.000000,4287272.193755,4238711.395411,
1000.000000,4288025.525311,4235780.705435,
1000.000000,4288196.926006,4236533.429087,
1000.000000,4288836.937188,4237722.619085,
1000.000000,4289006.271617,4235819.037200,
1000.000000,4289242.531947,4239847.217794,
1000.000000,4288530.308620,4239792.169527,
1000.000000,4288711.773157,4240367.276871,
1000.000000,4288120.237842,4240615.904218,
1000.000000,4287908.753450,4238743.949112,
1000.000000,4287809.137346,4239867.124871,
1000.000000,4288331.428484,4238085.629204,
1000.000000,4287517.842217,4238257.774388,
1000.000000,4287912.742167,4238980.441201,
1000.000000,4288504.595879,4237847.890499,
1000.000000,4288236.696354,4232757.354836,
1000.000000,4288682.076140,4233773.273934,
1000.000000,4288856.915497,4237959.598296,
1000.000000,4287926.224715,4237784.533171,
1000.000000,4286736.893984,4237000.886121,
1000.000000,4287791.512293,4240049.351889,
1000.000000,4288084.642862,4242076.113635,
1000.000000,4285326.682813,4241856.591310,
1000.000000,4284748.829335,4241281.128800,
1000.000000,4284370.964589,4241989.055198,
1000.000000,4286918.240001,4240998.627189,
1000.000000,4285538.987655,4242446.427664,
1000.000000,4284882.727502,4242545.358660,
1000.000000,4284167.564633,4242958.617447,
1000.000000,4285413.751068,4244813.937338,
1000.000000,4284833.597522,4240125.633937,
1000.000000,4285337.133432,4240850.478100,
1000.000000,4285713.245447,4243470.377511,
1000.000000,4286681.314796,4245748.719813,
1000.000000,4286451.122904,4245262.393110,
1000.000000,4285770.648490,4242904.199809,
1000.000000,4286175.225854,4242363.038401,
1000.000000,4285918.641368,4245839.752314,
1000.000000,4287181.830708,4246793.652122,
1000.000000,4286834.627164,4244911.558825,
1000.000000,4286194.636061,4244913.613937,
1000.000000,4287548.874966,4242478.397243,
1000.000000,4287033.008627,4242996.546363,
1000.000000,4287152.569635,4242675.163846,
1000.000000,4286528.061494,4243288.574251,
1000.000000,4286972.149755,4242793.740249,
1000.000000,4286542.624965,4243175.564766,
1000.000000,4286477.757837,4244414.649362,
1000.000000,4287412.888761,4245697.992592,
1000.000000,4287788.513132,4244371.440459,
1000.000000,4288343.041510,4242247.864173,
1000.000000,4287004.826895,4241220.799975,
1000.000000,4286857.484162,4244760.438043,
1000.000000,4287822.665781,4242173.991713,
1000.000000,4287363.119047,4244791.232232,
1000.000000,4286986.389201,4243893.272611,
1000.000000,4287064.112677,4245021.019946,
1000.000000,4287154.947185,4249404.146008,
1000.000000,4285274.143500,4246272.856092,
1000.000000,4285490.988337,4242532.624412,
1000.000000,4285440.763575,4244438.010854,
1000.000000,4285748.365872,4245644.448659,
1000.000000,4285919.134708,4246516.296897,
1000.000000,4287808.503756,4245778.825167,
1000.000000,4288801.456766,4245469.018714,
1000.000000,4287516.954080,4244745.361599,
1000.000000,4287383.169025,4246865.857462,
1000.000000,4287417.210732,4241961.695818,
1000.000000,4288185.773549,4244237.136472,
1000.000000,4288093.494568,4244170.600416,
1000.000000,4287915.690238,4244876.887328,
1000.000000,4288380.758919,4246339.598605,
1000.000000,4288538.112939,4250300.219883,
1000.000000,4288822.385109,4248217.650911,
1000.000000,4289259.471811,4247218.163810,
1000.000000,4288341.109197,4251057.922263,
1000.000000,4287657.040207,4248675.184792,
1000.000000,4288069.002479,4247200.581830,
1000.000000,4286894.773106,4249110.253198,
1000.000000,4286359.590033,4250323.069918,
1000.000000,4286433.796657,4249618.883600,
1000.000000,4286212.594379,4247726.827574,
1000.000000,4285277.263929,4247702.460318,
1000.000000,4284215.121646,4249190.684241,
1000.000000,4284089.956973,4248453.963348,
1000.000000,4283577.560641,4247032.095798,
1000.000000,4283945.153087,4248132.420756,
1000.000000,4284735.564469,4246297.011337,
1000.000000,4284896.016024,4244969.950255,
1000.000000,4284424.526820,4246881.334232,
1000.000000,4283643.492907,4248766.781119,
1000.000000,4282973.355932,4247637.851438,
1000.000000,4283298.699396,4248439.340135,
1000.000000,4284551.905140,4247120.769736,
1000.000000,4284279.935587,4248328.334484,
1000.000000,4284643.925359,4249959.839463,
1000.000000,4283779.897254,4249160.711517,
1000.000000,4283647.271660,4247647.710876,
1000.000000,4282571.057062,4251598.287785,
1000.000000,4282657.320055,4249123.574893,
1000.000000,4282197.016526,4250311.323079,
1000.000000,4282648.637627,4249340.116645,
1000.000000,4285127.203407,4245923.783178,
1000.000000,4284586.071313,4249653.940772,
1000.000000,4282242.484703,4249240.415470,
1000.000000,4283410.174962,4250643.144002,
1000.000000,4283714.857088,4250610.083160,
1000.000000,4283029.157806,4251423.732689,
1000.000000,4285758.977136,4251949.349534,
1000.000000,4285967.938546,4254678.102488,
1000.000000,4285422.832782,4251929.536474,
1000.000000,4285600.734992,4253390.341698,
1000.000000,4286607.849988,4254512.290905,
1000.000000,4287079.833106,4249760.513742,
