0	62.424059	339.244573	185.961186	
1	66.680417	348.222845	196.134422	
2	75.795738	349.598240	206.079754	
3	82.171125	363.957993	217.294054	
4	86.338427	375.313826	225.954056	
5	100.117698	387.357905	235.745672	
6	99.296298	397.212050	243.862314	
7	100.171757	406.421204	252.125825	
8	110.045851	418.412784	260.979434	
9	120.703564	424.447301	269.291837	
10	131.019809	429.163175	277.844127	
11	139.382670	438.052900	285.074329	
12	143.583391	443.960476	291.480299	
13	149.124863	449.721160	298.351881	
14	152.976693	454.560106	304.287785	
15	156.110605	466.848772	311.700558	
16	164.163477	479.320632	317.360448	
17	166.843011	483.024464	323.709570	
18	178.725369	492.607504	330.062410	
19	182.284218	495.460814	335.960634	
20	189.107020	497.663203	342.188190	
21	192.948044	502.821832	347.292854	
22	198.784173	506.502086	352.180543	
23	201.162561	508.210884	357.439901	
24	205.764149	509.872456	363.980610	
25	209.468283	513.483817	369.685187	
26	219.980145	520.181127	375.990956	
27	226.267143	523.079725	380.429534	
28	228.515674	531.966367	387.348452	
29	230.983075	536.483351	391.733680	
30	240.703590	535.746771	397.560876	
31	247.896064	543.565141	401.449356	
32	256.167112	544.968305	405.775990	
33	260.376132	549.403499	409.620083	
34	262.027688	553.189729	414.298458	
35	262.467882	554.075399	416.990858	
36	259.936262	563.396819	421.141343	
37	269.208904	561.014338	424.296356	
38	276.099672	563.067428	429.934022	
39	269.199398	567.040214	432.424666	
40	282.253021	569.031386	435.564191	
41	279.009376	573.549222	438.900128	
42	286.046414	572.463645	442.061990	
43	299.054743	575.035263	445.096680	
44	294.585857	576.702251	448.443485	
45	296.707813	582.676474	452.635237	
46	300.858338	584.919642	456.638197	
47	305.481660	587.719472	458.813744	
48	309.004308	586.048684	462.104935	
49	318.722621	586.405126	464.891482	
50	315.898812	591.094606	468.371820	
51	322.429856	594.103390	471.176437	
52	320.531472	594.416905	473.397547	
53	325.027444	600.409863	476.090352	
54	325.242469	603.406440	479.499541	
55	330.656863	603.936162	483.335754	
56	329.418404	608.520497	485.349759	
57	339.856987	610.240302	487.366201	
58	349.796765	614.573048	490.330357	
59	337.012315	613.542944	493.103083	
60	349.394935	611.687972	495.762508	
61	357.303305	613.830400	498.667253	
62	360.173658	617.416462	500.986788	
63	361.279322	618.949058	502.807453	
64	367.564727	620.252524	505.507215	
65	370.125083	625.700968	507.840036	
66	363.829470	626.967301	509.572884	
67	369.409301	623.064727	512.158448	
68	378.716336	625.825826	514.219904	
69	383.237938	628.385671	517.331740	
70	378.406610	626.925802	519.532106	
71	385.726216	623.993850	520.085285	
72	385.184536	629.352172	520.786677	
73	384.083289	631.876676	523.471491	
74	389.614610	633.302707	525.396965	
75	398.456124	636.501428	526.602808	
76	396.020609	640.138958	528.092468	
77	395.583929	638.303044	529.080156	
78	402.262272	642.807803	531.473639	
79	403.203102	641.340882	533.309375	
80	407.811683	644.737817	535.913690	
81	404.612330	647.016836	537.615537	
82	404.926194	647.424305	539.574772	
83	407.969486	649.596655	541.404510	
84	417.963773	648.420180	543.971277	
85	418.965214	649.112649	546.124071	
86	421.895831	649.955452	548.455378	
87	431.188027	649.290700	550.286835	
88	428.609448	653.031110	552.089533	
89	423.960201	653.235124	553.588147	
90	435.922252	659.926665	554.440711	
91	435.955599	657.360066	555.450490	
92	437.352739	656.824463	557.302046	
93	439.361342	657.375047	559.160088	
94	439.447846	657.901888	560.283778	
95	444.033728	657.597158	561.634399	
96	439.627658	661.229201	563.450676	
97	443.339389	660.884736	565.473748	
98	443.223142	662.446233	566.509521	
99	451.381035	665.570262	568.623510	
100	451.605862	667.839405	570.653972	
101	459.974851	667.930641	572.555858	
102	461.545849	669.628158	573.365989	
103	466.644945	667.226024	574.795131	
104	464.646903	669.124803	576.087987	
105	461.390483	669.929728	576.947531	
106	460.174245	671.702016	579.137056	
107	468.652409	674.072300	580.946057	
108	465.735018	675.012423	582.331438	
109	466.451433	673.871771	584.025223	
110	466.383533	675.572592	585.049204	
111	473.793251	676.672985	586.383540	
112	473.152572	675.547395	587.393925	
113	476.326529	674.984954	588.433568	
114	475.766395	678.019118	589.376801	
115	474.826100	678.555938	590.395319	
116	478.064386	679.707172	591.189178	
117	477.703139	680.872326	592.560423	
118	474.419781	680.257478	593.402524	
119	477.455456	681.931945	595.735941	
120	480.453948	681.662274	596.793038	
121	484.533227	680.534348	597.816754	
122	483.443774	683.798576	599.103272	
123	488.587938	685.210389	599.551401	
124	492.935292	685.945348	600.692183	
125	491.843121	684.925775	601.533642	
126	492.275341	685.834531	602.237610	
127	492.815264	689.456534	603.978504	
128	495.593068	689.806247	605.213568	
129	499.682069	686.058936	606.529740	
130	498.445508	686.675118	607.367384	
131	503.142247	686.041818	607.928112	
132	498.557158	688.492855	609.686580	
133	505.918090	686.528697	610.238762	
134	507.161131	687.423326	610.730569	
135	503.911913	691.095568	611.321223	
136	504.434784	692.513101	611.916896	
137	509.366428	690.477438	612.541430	
138	509.757325	691.112316	614.502024	
139	512.595877	690.340870	615.271606	
140	518.095265	692.746004	615.759239	
141	517.294659	691.722174	616.735426	
142	516.829450	691.270546	616.723195	
143	519.443644	691.735036	617.703291	
144	520.183889	694.007978	618.566259	
145	520.600042	695.626735	619.194713	
146	517.472714	696.284078	621.470393	
147	523.777232	693.969520	622.824940	
148	525.534281	696.266426	624.059276	
149	526.713612	695.485086	625.236674	
150	529.557170	694.955339	625.966373	
151	527.623742	697.247905	626.853705	
152	531.900887	700.089002	627.914080	
153	530.910990	697.911052	628.105865	
154	529.098040	695.751621	628.949192	
155	534.800918	697.357680	629.469495	
156	533.339522	696.666806	629.923585	
157	535.121161	701.083383	631.115556	
158	530.810469	701.714864	631.509291	
159	540.516683	700.212144	631.683188	
160	539.012174	703.039293	632.045161	
161	539.708471	702.018268	632.192173	
162	540.367528	701.016828	632.769152	
163	539.854370	701.267902	633.150805	
164	536.009537	704.215785	633.608208	
165	540.058027	702.771767	634.611619	
166	540.701903	701.027435	636.012934	
167	544.610632	701.995717	636.158094	
168	546.013140	703.960708	637.394728	
169	547.778348	702.271388	637.777231	
170	546.079336	701.666547	638.763001	
171	550.340782	703.478358	639.310626	
172	552.580338	703.354443	640.089474	
173	552.404798	703.176116	640.383172	
174	552.608083	706.451554	641.433492	
175	555.746828	706.779215	642.627008	
176	553.478620	705.333586	642.875222	
177	556.796177	706.285262	643.878995	
178	556.985735	706.720278	644.228134	
179	555.893618	708.488420	645.626876	
180	556.688221	710.040165	646.674580	
181	557.470827	709.743807	647.115193	
182	557.839533	710.349482	647.539266	
183	560.984841	708.408213	647.953216	
184	562.357565	707.886763	648.750218	
185	560.652987	709.546739	648.719486	
186	561.387417	711.294292	648.792907	
187	567.537371	709.377305	649.417642	
188	568.222517	708.321966	649.684119	
189	564.520958	708.446147	649.918140	
190	570.513472	711.434785	651.188567	
191	570.372556	711.608939	652.024400	
192	574.624901	709.426794	652.434167	
193	571.038799	712.277002	652.822967	
194	572.439751	710.705497	653.944185	
195	573.733843	710.167066	654.300185	
196	576.023968	712.338861	654.574816	
197	579.958794	712.784484	655.188498	
198	582.398479	714.017943	656.125012	
199	580.434783	712.058344	656.177429	
200	581.320711	713.356022	656.565088	
201	581.802409	713.427922	657.530239	
202	580.014458	712.454550	657.531384	
203	579.419079	714.259402	658.060647	
204	582.233481	713.718025	657.948810	
205	584.394769	713.378895	657.858654	
206	583.160842	712.690123	658.373592	
207	579.415911	712.952887	658.192027	
208	583.062351	711.911773	658.431584	
209	584.710398	713.512590	659.113707	
210	585.321859	712.821750	659.704899	
211	585.904189	714.186199	660.093879	
212	586.851275	713.799168	660.367357	
213	584.204318	714.014027	661.247946	
214	586.653912	713.324939	661.343810	
215	590.405167	713.630826	661.944925	
216	590.355196	713.357724	662.666539	
217	590.137936	715.044109	663.159960	
218	592.703764	713.330226	663.886664	
219	591.509207	713.624065	664.727001	
220	596.022824	715.092339	665.715269	
221	598.101337	715.402500	665.941939	
222	598.715247	716.824009	666.116462	
223	600.141028	714.564494	666.401214	
224	597.459797	718.421970	666.317061	
225	596.661810	716.715761	666.701665	
226	594.804887	715.971310	666.606198	
227	599.682351	715.942991	666.830375	
228	599.607993	714.759914	667.044977	
229	603.700186	716.394362	667.316524	
230	601.879152	716.109140	667.749498	
231	600.738834	716.055218	667.956453	
232	598.593015	716.109479	668.377092	
233	598.469281	716.313050	668.932748	
234	603.076001	715.686297	669.352726	
235	606.969952	716.793657	669.330105	
236	606.547465	715.236835	669.560645	
237	613.158674	715.870895	670.297148	
238	609.859762	716.418841	670.773931	
239	605.703378	715.844017	670.884606	
240	609.377637	717.815200	671.233977	
241	610.242417	717.528387	671.478615	
242	609.461947	716.051073	671.858009	
243	609.020623	718.284371	672.093069	
244	614.395970	717.712579	672.843021	
245	612.224416	719.138565	673.368220	
246	613.937431	718.397267	673.750584	
247	613.695987	718.618325	673.643219	
248	612.193214	719.779706	674.219459	
249	615.186871	718.751589	674.579249	
250	616.332373	719.377534	675.072564	
251	616.597695	719.026174	675.175934	
252	614.987099	719.377754	675.630571	
253	616.358458	718.598585	675.891019	
254	616.161966	717.973951	676.254929	
255	613.622678	718.906166	676.141413	
256	617.807215	718.153161	676.602676	
257	617.959194	720.052974	676.663438	
258	618.114284	719.043721	677.019713	
259	620.198292	719.352807	677.175007	
260	620.104839	718.650199	677.265223	
261	620.235703	718.788476	677.749057	
262	620.326302	718.134028	678.036757	
263	621.532588	718.403803	678.450048	
264	624.225623	718.633808	678.630046	
265	623.200364	717.874023	679.095693	
266	623.581599	719.451735	679.273890	
267	623.625093	720.344277	679.513510	
268	625.505447	718.755249	679.706949	
269	625.344577	718.820624	679.490614	
270	623.863377	718.796611	680.192382	
271	624.503273	718.797103	680.150383	
272	625.444991	718.581522	680.164778	
273	625.215927	720.012201	679.993170	
274	625.213532	719.926574	680.313213	
275	624.739648	719.341884	680.766156	
276	624.062584	719.273192	680.831568	
277	624.863446	719.760480	680.411805	
278	626.456455	720.610106	680.478862	
279	625.945886	720.010905	680.867744	
280	627.019330	720.514218	681.205971	
281	627.537660	719.927723	681.585372	
282	625.699671	721.270669	681.531084	
283	626.790141	719.490323	681.945486	
284	628.857021	720.534760	682.343160	
285	627.826682	720.150395	682.911199	
286	629.379324	721.605214	683.093948	
287	629.128102	721.675596	683.302044	
288	628.757205	721.644651	683.163667	
289	629.385856	720.956791	683.524891	
290	630.355152	719.988104	683.822831	
291	634.591366	720.834755	684.352721	
292	634.375804	720.918055	685.045166	
293	634.159760	721.572640	685.293786	
294	634.703797	721.168871	685.463791	
295	635.455449	720.385482	685.911806	
296	636.458625	719.494107	685.986067	
297	636.535015	720.610176	686.237803	
298	639.509194	721.474831	686.451304	
299	639.477985	720.564644	686.664714	
300	639.468646	720.613541	686.681484	
301	640.516168	721.288965	686.814451	
302	639.822600	721.029939	686.957440	
303	643.157731	723.194660	687.448513	
304	642.555377	721.710158	687.219456	
305	643.385882	720.211741	687.313097	
306	642.406599	720.669810	687.987487	
307	643.654578	720.309051	688.338519	
308	640.946490	722.253880	688.598661	
309	644.243055	721.397142	688.988011	
310	645.249624	722.456988	689.281606	
311	644.220516	721.923898	689.506648	
312	647.329357	722.944787	689.759735	
313	647.268005	723.559303	690.147932	
314	647.549284	722.902776	690.121003	
315	646.925956	722.264132	690.440600	
316	648.340053	722.438378	690.409655	
317	647.488946	722.268575	690.529894	
318	648.162633	722.657399	690.517469	
319	649.343094	723.122851	690.833023	
320	649.916900	722.292550	691.247345	
321	648.898773	722.974385	691.245322	
322	649.089414	723.427881	691.689255	
323	650.246396	723.086014	691.926172	
324	651.220770	723.691896	692.393968	
325	652.718385	723.229932	692.471264	
326	653.611893	724.885003	692.466159	
327	653.010627	723.335097	692.282494	
328	653.698365	723.948203	692.479084	
329	653.372083	722.900379	692.845624	
330	653.736870	724.057779	693.396526	
331	654.668391	722.899946	693.676612	
332	655.077802	724.073500	693.993359	
333	654.798215	723.755492	694.215486	
334	655.866524	722.840601	694.116994	
335	654.614275	724.985968	694.723004	
336	657.413080	723.742054	694.584877	
337	657.595843	724.117204	694.819496	
338	658.951286	724.857406	695.215682	
339	657.798428	724.322804	695.260273	
340	658.427808	724.353938	695.237962	
341	658.248627	724.719005	695.235368	
342	657.203812	723.050758	695.259299	
343	655.434067	724.829634	695.188860	
344	658.186520	724.630293	695.508611	
345	658.978086	724.832858	695.508776	
346	658.943518	724.066210	695.443539	
347	657.364812	723.772805	695.468810	
348	658.254826	724.093728	695.265441	
349	659.588257	723.281045	695.189710	
350	660.543093	723.710676	695.325334	
351	661.587637	724.074627	695.294583	
352	660.355056	723.434339	695.290759	
353	659.969004	723.317362	695.362985	
354	661.354624	723.276034	695.536513	
355	659.469250	724.409670	695.695165	
356	660.280521	724.247394	695.986309	
357	660.456054	723.731084	696.331403	
358	661.187614	723.629419	696.539263	
359	661.106609	723.862650	696.494252	
360	661.215007	723.994285	696.773431	
361	660.584019	723.981507	696.823407	
362	662.049553	723.911860	696.969367	
363	661.628005	723.931396	697.038378	
364	661.494987	723.639917	697.198402	
365	661.960193	723.056647	697.239858	
366	662.275017	723.780319	697.386452	
367	662.466540	724.233798	697.535700	
368	661.575759	723.691061	697.750275	
369	661.545777	724.177963	697.587541	
370	662.806290	723.078068	697.904498	
371	664.735302	723.759678	698.320224	
372	665.323279	723.940168	698.220218	
373	664.405422	723.878599	698.447593	
374	664.929268	724.447844	698.508314	
375	664.162961	724.517580	698.901567	
376	665.282833	724.195278	698.986995	
377	666.138681	723.662965	699.254453	
378	667.199860	724.127878	699.331022	
379	667.398367	723.932976	699.487685	
380	667.478960	724.525245	699.677555	
381	667.401877	724.692067	699.541234	
382	665.693828	725.339039	699.780795	
383	668.335536	724.322132	699.744601	
384	668.601189	723.786920	700.117658	
385	667.700132	724.782237	699.978443	
386	668.172212	724.973892	700.249489	
387	668.451103	724.944582	700.220178	
388	668.095926	724.591550	700.232759	
389	668.422135	724.743547	700.192106	
390	667.450398	724.685270	700.569241	
391	668.541097	724.715849	700.625873	
392	667.883050	724.857451	700.752568	
393	667.545344	724.522629	700.745608	
394	668.809859	725.642148	701.157009	
395	670.469324	725.313777	701.463244	
396	668.356711	726.337311	701.363419	
397	670.077994	725.391443	701.421169	
398	669.569874	725.298737	701.423098	
399	670.990789	724.776854	701.602817	
400	671.213696	726.097071	701.878287	
401	670.047973	725.184446	701.794502	
402	670.419864	725.103974	701.792490	
403	672.684013	724.701114	701.874021	
404	671.498545	725.057136	702.220434	
405	672.857833	725.276259	702.393913	
406	673.334275	725.710290	702.443909	
407	672.038356	725.574468	702.601396	
408	674.025118	725.105370	702.598856	
409	674.504606	725.651569	702.559230	
410	672.559973	725.462199	702.742661	
411	672.442131	724.843045	702.833412	
412	671.656971	725.182032	702.610592	
413	674.250437	724.946025	702.677606	
414	672.010614	725.227721	702.570546	
415	672.716016	725.691978	702.983445	
416	672.494665	726.269456	703.003530	
417	673.859947	726.236767	703.080209	
418	673.375658	726.186515	703.209757	
419	672.567105	726.105268	703.019514	
420	674.120407	725.949664	702.975909	
421	673.699477	726.391905	703.166988	
422	674.309691	726.178454	703.199790	
423	673.150720	725.850995	703.203442	
424	675.274077	725.302724	703.151431	
425	673.321392	725.314277	703.107243	
426	675.121759	724.975575	703.073486	
427	674.884170	725.655451	703.013685	
428	674.104393	724.522649	702.959407	
429	674.253043	724.684892	703.108490	
430	674.755852	726.340446	702.963792	
431	673.982700	725.838182	703.061509	
432	674.843717	725.536743	703.266779	
433	675.537346	725.546575	703.498922	
434	676.272504	724.911918	703.653445	
435	675.212248	725.643638	703.569174	
436	676.399809	725.063916	703.837503	
437	676.955776	725.436057	703.812360	
438	676.153758	726.391421	703.738903	
439	678.400488	725.323648	703.960032	
440	676.709954	725.926526	704.161332	
441	676.980949	725.519728	704.029070	
442	677.140596	725.420719	703.921573	
443	677.730198	725.598365	703.839397	
444	677.733725	726.595492	703.984014	
445	677.911805	725.764028	704.006565	
446	677.039709	726.534159	704.153814	
447	678.660301	725.905330	704.145052	
448	679.048371	725.234071	704.317204	
449	678.869078	726.107747	704.391974	
450	679.462546	726.280747	704.475657	
451	678.903127	726.087106	704.548540	
452	679.338628	725.252697	704.484998	
453	678.711162	725.469485	704.560601	
454	679.054933	725.481064	704.871602	
455	679.232579	726.506559	704.876675	
456	678.757553	726.316005	704.964999	
457	679.531767	725.586617	704.995423	
458	679.918893	725.652192	705.031981	
459	680.503042	726.573583	705.005063	
460	680.321097	725.912829	705.172199	
461	679.778044	725.466340	705.119073	
462	679.007766	726.685307	705.150191	
463	678.955728	725.856590	705.306766	
464	679.224367	726.175265	705.465494	
465	678.190262	726.093971	705.410677	
466	679.019460	725.688001	705.468630	
467	679.454309	725.699481	705.516675	
468	681.781326	725.665046	705.745477	
469	680.865396	726.794369	705.889567	
470	681.268172	724.976782	705.943817	
471	680.955132	725.884951	706.035505	
472	679.413869	726.559758	706.181351	
473	682.949784	726.128351	706.298972	
474	681.724838	726.610501	706.430454	
475	681.259314	725.922040	706.479408	
476	682.180611	725.760279	706.382693	
477	681.822706	726.291978	706.500624	
478	681.214192	726.284358	706.294738	
479	681.735777	725.869618	706.290881	
480	682.659627	725.458963	706.351070	
481	681.558994	727.000872	706.549381	
482	682.553230	725.942359	706.492275	
483	683.445983	725.931754	706.354516	
484	682.328471	726.181387	706.507998	
485	682.975203	725.765237	706.325504	
486	683.275450	725.732238	706.303651	
487	683.254670	726.282822	706.427706	
488	682.717771	725.877911	706.444242	
489	682.392281	726.520202	706.612894	
490	683.671150	726.221173	706.672600	
491	683.416787	726.403613	706.870724	
492	683.520069	725.822508	706.999470	
493	684.073640	726.760101	706.997091	
494	684.003219	726.192135	706.825420	
495	683.538093	727.267303	706.893817	
496	684.279232	726.363438	706.967964	
497	682.869253	725.654161	706.852348	
498	683.931447	726.334163	706.959563	
499	683.660536	726.957778	707.161752	
