846.920760,4056190.514323,2172349.574612,
1000.000000,4139530.756105,2747426.093834,
1000.000000,4162146.080858,3052242.105213,
1000.000000,4157818.995952,3233462.349954,
1000.000000,4169038.694970,3375478.643381,
1000.000000,4177141.964259,3472212.779886,
1000.000000,4187035.414615,3544618.388632,
1000.000000,4192047.151991,3600310.763149,
1000.000000,4185940.540988,3642696.909456,
1000.000000,4194601.535289,3681935.527135,
1000.000000,4201705.098840,3716986.831597,
1000.000000,4209623.344481,3754598.215278,
1000.000000,4214175.271752,3781851.457942,
1000.000000,4205851.958120,3804527.701814,
1000.000000,4209010.030925,3825851.090757,
1000.000000,4209267.997052,3844587.207898,
1000.000000,4215720.174584,3861605.791364,
1000.000000,4219812.873058,3875569.682470,
1000.000000,4215686.631421,3891566.381956,
1000.000000,4227409.886338,3909088.086601,
1000.000000,4231721.301713,3918755.288055,
1000.000000,4232258.232735,3929880.378122,
1000.000000,4229141.173089,3941636.509676,
1000.000000,4234202.502396,3952427.606111,
1000.000000,4237530.659409,3962319.410268,
1000.000000,4243583.009857,3974580.153351,
1000.000000,4242068.862114,3984084.031572,
1000.000000,4244420.331528,3992232.416165,
1000.000000,4237481.448311,3999497.553308,
1000.000000,4239574.831908,4003429.592497,
1000.000000,4237698.887258,4010986.030536,
1000.000000,4240603.788041,4014624.527844,
1000.000000,4244621.262226,4022551.352378,
1000.000000,4240508.877924,4027176.730395,
1000.000000,4243872.346578,4034775.752275,
1000.000000,4243473.502939,4039659.461134,
1000.000000,4249644.465377,4045896.228085,
1000.000000,4251889.871124,4049156.442762,
1000.000000,4253514.621851,4053917.304870,
1000.000000,4255995.349206,4058211.219947,
1000.000000,4256394.690206,4061479.388943,
1000.000000,4255345.437886,4065728.284552,
1000.000000,4254731.641770,4070014.025177,
1000.000000,4257233.745064,4071910.118750,
1000.000000,4260636.423966,4078248.344934,
1000.000000,4258460.367510,4080715.186433,
1000.000000,4259135.456184,4085823.057769,
1000.000000,4260195.247791,4092179.428288,
1000.000000,4256639.706105,4094825.710271,
1000.000000,4257757.707457,4098182.907992,
1000.000000,4258757.964420,4101778.369927,
1000.000000,4260515.777073,4106275.106785,
1000.000000,4255746.953382,4107211.089726,
1000.000000,4256738.517067,4109327.857418,
1000.000000,4256088.978604,4111137.512746,
1000.000000,4256269.366951,4113905.388636,
1000.000000,4257775.580152,4114282.210979,
1000.000000,4258658.710269,4116292.248707,
1000.000000,4259079.003419,4116747.481682,
1000.000000,4259896.103188,4117972.956584,
1000.000000,4261124.836175,4121892.257974,
1000.000000,4259444.454457,4125581.186052,
1000.000000,4259393.493678,4126984.851913,
1000.000000,4260349.149153,4127283.706986,
1000.000000,4259597.982315,4130220.949781,
1000.000000,4262471.395693,4132244.117659,
1000.000000,4262399.014556,4133846.247056,
1000.000000,4261704.693006,4135902.192180,
1000.000000,4261890.267808,4136229.714017,
1000.000000,4259310.628992,4138207.616688,
1000.000000,4260868.136882,4139195.315816,
1000.000000,4262589.252233,4141445.544971,
1000.000000,4262527.854639,4143349.826770,
1000.000000,4262386.075328,4144945.028071,
1000.000000,4262050.652523,4145740.370499,
1000.000000,4263254.096288,4145451.962070,
1000.000000,4261399.558225,4147288.428760,
1000.000000,4262120.836352,4147252.291102,
1000.000000,4261216.772109,4148640.938453,
1000.000000,4261121.835892,4151097.891060,
1000.000000,4261124.440996,4153348.467478,
1000.000000,4261790.617012,4153835.129581,
1000.000000,4261788.200561,4156457.316604,
1000.000000,4259738.378870,4156348.247784,
1000.000000,4260430.489610,4155489.879387,
1000.000000,4260857.923075,4157389.082384,
1000.000000,4261482.684135,4159382.225354,
1000.000000,4261040.705874,4159344.744021,
1000.000000,4258139.847675,4158799.021464,
1000.000000,4260206.379092,4159034.990564,
1000.000000,4261121.961387,4160437.776763,
1000.000000,4261205.924598,4162362.902192,
1000.000000,4260817.407637,4165646.777129,
1000.000000,4260517.615315,4169752.186691,
1000.000000,4261174.044641,4171212.808784,
1000.000000,4259764.027375,4171837.212331,
1000.000000,4259126.380569,4173626.487395,
1000.000000,4261727.710455,4176034.185689,
1000.000000,4261733.954949,4175898.321760,
1000.000000,4260471.204637,4176410.509277,
1000.000000,4263206.293907,4177407.696581,
1000.000000,4262798.426478,4177955.434363,
1000.000000,4261512.786920,4180062.904261,
1000.000000,4261226.356876,4179781.854278,
1000.000000,4256816.642866,4180619.122507,
1000.000000,4256091.980579,4181273.415659,
1000.000000,4256907.581673,4181967.910040,
1000.000000,4258346.273483,4181744.404853,
1000.000000,4256663.847918,4181974.203919,
1000.000000,4255661.158406,4181541.547250,
1000.000000,4256122.632023,4181854.150404,
1000.000000,4257714.581198,4182398.912444,
1000.000000,4257405.977934,4183001.337628,
1000.000000,4258573.515593,4182715.138969,
1000.000000,4256613.879479,4183331.151576,
1000.000000,4256332.277812,4183132.818612,
1000.000000,4257094.823191,4183875.831102,
1000.000000,4256799.642220,4183764.723099,
1000.000000,4255889.458381,4182656.275147,
1000.000000,4256324.433233,4184067.625645,
1000.000000,4255577.512912,4184289.609785,
1000.000000,4256128.184890,4184733.772342,
1000.000000,4255889.649694,4185427.019331,
1000.000000,4255652.531682,4184948.459139,
1000.000000,4256299.809460,4185738.011346,
1000.000000,4255143.830387,4186652.520405,
1000.000000,4255094.681805,4187223.593208,
1000.000000,4257827.165671,4188708.533041,
1000.000000,4258051.821686,4189313.905655,
1000.000000,4254743.165907,4189847.236027,
1000.000000,4254062.749670,4190830.889800,
1000.000000,4254793.115020,4191354.740620,
1000.000000,4255580.284394,4191300.362442,
1000.000000,4254927.837789,4191719.089412,
1000.000000,4254804.361901,4193108.603719,
1000.000000,4255456.226241,4192953.241969,
1000.000000,4254981.277886,4192903.941916,
1000.000000,4255240.614384,4194457.970272,
1000.000000,4255263.336911,4194581.075884,
1000.000000,4254736.429285,4194837.028169,
1000.000000,4255290.288517,4195415.082764,
1000.000000,4257554.911005,4197372.093108,
1000.000000,4256498.862198,4197201.198333,
1000.000000,4255020.493512,4197707.577764,
1000.000000,4255263.984316,4198822.144798,
1000.000000,4256296.827344,4200291.836117,
1000.000000,4255810.382230,4199767.734914,
1000.000000,4257099.652688,4198611.474544,
1000.000000,4256931.136058,4199377.058939,
1000.000000,4256153.034128,4200336.616733,
1000.000000,4256913.376133,4199582.491313,
1000.000000,4255551.106349,4200214.067110,
1000.000000,4254937.651147,4201722.098836,
1000.000000,4254998.403061,4200181.985208,
1000.000000,4255824.924757,4201896.507157,
1000.000000,4257185.385363,4201909.267587,
1000.000000,4256814.213579,4201922.971630,
1000.000000,4257486.407483,4201290.357284,
1000.000000,4259226.613076,4202176.892731,
1000.000000,4258546.064490,4202970.485172,
1000.000000,4255904.560751,4202897.092317,
1000.000000,4253367.633512,4204378.015485,
1000.000000,4253971.588237,4204629.568576,
1000.000000,4253588.185516,4204477.799648,
1000.000000,4253654.004450,4205235.918117,
1000.000000,4254179.844839,4205094.915427,
1000.000000,4252690.910380,4205063.920919,
1000.000000,4252477.497872,4204498.370543,
1000.000000,4252484.276094,4205075.292142,
1000.000000,4252788.635597,4205786.591845,
1000.000000,4252684.359601,4205733.215020,
1000.000000,4252479.216999,4206512.692348,
1000.000000,4253128.906217,4207056.800258,
1000.000000,4252170.298086,4208289.329297,
1000.000000,4251958.750387,4208528.244054,
1000.000000,4252547.602173,4208920.053843,
1000.000000,4252450.281847,4209345.244860,
1000.000000,4252366.125795,4208654.504477,
1000.000000,4252552.220840,4210192.954654,
1000.000000,4251670.217896,4209957.027719,
1000.000000,4252718.911179,4210366.925792,
1000.000000,4249021.264388,4211591.044608,
1000.000000,4249808.865857,4211404.441420,
1000.000000,4250427.777487,4211115.110931,
1000.000000,4250654.993834,4210506.709840,
1000.000000,4251445.725064,4212480.375066,
1000.000000,4251195.384883,4212466.378982,
1000.000000,4251264.773822,4212995.305639,
1000.000000,4251227.747945,4212566.485203,
1000.000000,4251568.087714,4213719.795271,
1000.000000,4251650.055805,4212705.244464,
1000.000000,4253224.162183,4213994.345750,
1000.000000,4253672.826534,4214126.992795,
1000.000000,4252311.428553,4212961.203201,
1000.000000,4249645.453306,4214006.161607,
1000.000000,4249061.263583,4214052.022657,
1000.000000,4248659.324271,4213694.554510,
1000.000000,4249179.070794,4214214.435484,
1000.000000,4248463.565018,4214091.612708,
1000.000000,4248987.205243,4213545.314264,
1000.000000,4248359.786200,4213577.607838,
1000.000000,4248548.452860,4213841.081982,
1000.000000,4249748.849507,4213439.494693,
1000.000000,4250033.416456,4213936.472045,
1000.000000,4250216.731405,4214911.517672,
1000.000000,4249059.969309,4214507.917496,
1000.000000,4249599.917024,4215030.893214,
1000.000000,4248590.714214,4217506.101288,
1000.000000,4248680.083763,4218130.919111,
1000.000000,4248776.406016,4217978.907931,
1000.000000,4248607.332692,4217387.963970,
1000.000000,4248486.561893,4217681.441036,
1000.000000,4248584.032231,4219104.253352,
1000.000000,4248607.320190,4219044.995967,
1000.000000,4248870.490010,4219517.000923,
1000.000000,4248389.814795,4219098.576800,
1000.000000,4248494.723733,4217723.969198,
1000.000000,4248494.046369,4218750.635522,
1000.000000,4247743.962396,4220526.779290,
1000.000000,4249454.125167,4221941.971748,
1000.000000,4248596.026557,4222274.613882,
1000.000000,4248513.056828,4221278.834392,
1000.000000,4247703.872138,4222372.626385,
1000.000000,4248725.570507,4221273.110972,
1000.000000,4248134.351282,4222107.020300,
1000.000000,4247556.913999,4221497.274455,
1000.000000,4247587.317176,4222209.430851,
1000.000000,4247568.760224,4220885.071645,
1000.000000,4247716.959557,4221835.309380,
1000.000000,4247342.247465,4221714.663684,
1000.000000,4246883.464857,4222440.039115,
1000.000000,4247910.588173,4221801.011610,
1000.000000,4247884.528822,4221695.001400,
1000.000000,4247876.252898,4222185.636801,
1000.000000,4247414.370288,4221803.281972,
1000.000000,4247338.354796,4221581.068400,
1000.000000,4247247.855894,4222783.218228,
1000.000000,4247698.951932,4222583.824890,
1000.000000,4249447.685067,4223460.531889,
1000.000000,4249398.149992,4221829.591475,
1000.000000,4249269.951746,4221655.193378,
1000.000000,4249497.551620,4220810.707479,
1000.000000,4250541.228912,4222123.653758,
1000.000000,4250926.107706,4223094.019625,
1000.000000,4251082.616467,4223124.330429,
1000.000000,4249087.981643,4222854.310299,
1000.000000,4249528.712265,4222753.051627,
1000.000000,4248738.086610,4222898.519533,
1000.000000,4249495.143142,4223854.045473,
1000.000000,4249071.703896,4223701.562000,
1000.000000,4249976.353545,4224005.334371,
1000.000000,4247361.759320,4223699.051582,
1000.000000,4249201.372965,4224438.081292,
1000.000000,4247499.114595,4224559.726363,
1000.000000,4246953.676287,4224353.600802,
1000.000000,4246995.593099,4223780.071246,
1000.000000,4247630.797540,4223926.190581,
1000.000000,4247662.893249,4224634.810711,
1000.000000,4246896.609330,4224500.039770,
1000.000000,4247260.869070,4224101.878613,
1000.000000,4247084.202212,4224925.161548,
1000.000000,4246454.816048,4224684.432609,
1000.000000,4247036.501581,4224070.638019,
1000.000000,4246261.437430,4224240.423541,
1000.000000,4247096.647888,4225189.780823,
1000.000000,4248276.271205,4225532.980641,
1000.000000,4248352.772073,4224682.003355,
1000.000000,4246974.672124,4224733.626117,
1000.000000,4246328.760027,4224583.485186,
1000.000000,4248859.850974,4224894.971258,
1000.000000,4248816.413469,4224208.983232,
1000.000000,4246286.072572,4224249.184754,
1000.000000,4249078.932529,4223637.421739,
1000.000000,4250337.639082,4224211.154229,
1000.000000,4249621.166225,4225035.588782,
1000.000000,4246465.678052,4224957.029819,
1000.000000,4245615.388721,4225922.914015,
1000.000000,4246067.218031,4226302.071237,
1000.000000,4245977.104572,4226955.425514,
1000.000000,4245291.890592,4225987.894805,
1000.000000,4245250.366705,4227247.172552,
1000.000000,4245333.410409,4227471.757310,
1000.000000,4245998.942145,4227169.021101,
1000.000000,4245384.387036,4226628.233877,
1000.000000,4247658.814234,4226565.072934,
1000.000000,4248013.961216,4226088.186674,
1000.000000,4248355.687233,4226831.046184,
1000.000000,4245340.972389,4227387.563088,
1000.000000,4245374.246322,4227632.782276,
1000.000000,4244879.908286,4227476.359602,
1000.000000,4245065.078320,4227237.908559,
1000.000000,4245470.653993,4227133.257689,
1000.000000,4245477.398480,4227102.820184,
1000.000000,4245549.547470,4227288.418458,
1000.000000,4245521.666463,4226567.755586,
1000.000000,4245661.451366,4226771.078783,
1000.000000,4245483.222794,4226430.180322,
1000.000000,4245288.498293,4225837.439521,
1000.000000,4245154.397364,4226586.041923,
1000.000000,4245082.410687,4225865.834366,
1000.000000,4245380.377818,4226257.068257,
1000.000000,4245575.870450,4226204.057151,
1000.000000,4244817.984909,4227023.850236,
1000.000000,4244820.014014,4225962.641659,
1000.000000,4244963.580705,4226908.384692,
1000.000000,4246375.443472,4226646.200501,
1000.000000,4245774.448692,4226560.312079,
1000.000000,4244994.024295,4227851.174628,
1000.000000,4245346.551224,4228209.342093,
1000.000000,4245181.570822,4228067.945353,
1000.000000,4245208.327488,4226632.249485,
1000.000000,4245215.228005,4228302.316881,
1000.000000,4245286.196213,4228028.292690,
1000.000000,4245019.356609,4227903.211735,
1000.000000,4245623.749936,4227149.574532,
1000.000000,4245398.455028,4228485.651343,
1000.000000,4245524.067688,4227587.765384,
1000.000000,4244948.782221,4227416.109898,
1000.000000,4244626.051547,4228499.556777,
1000.000000,4244763.240983,4229163.825964,
1000.000000,4247198.692036,4229324.409277,
1000.000000,4247025.927958,4229203.991842,
1000.000000,4247490.847389,4229195.534068,
1000.000000,4247171.965809,4228001.161917,
1000.000000,4244494.270597,4229193.918717,
1000.000000,4244960.934084,4229183.334578,
1000.000000,4244419.387074,4228569.555583,
1000.000000,4246599.255102,4226958.481550,
1000.000000,4245413.448176,4225835.821781,
1000.000000,4245157.444711,4225906.867174,
1000.000000,4245561.872283,4226038.739072,
1000.000000,4245215.519830,4225839.629459,
1000.000000,4245260.617391,4226878.003122,
1000.000000,4245598.764725,4225517.628924,
1000.000000,4245312.640586,4225628.000855,
1000.000000,4245165.649736,4226141.533949,
1000.000000,4245158.755346,4227018.743410,
1000.000000,4246429.094224,4226744.171848,
1000.000000,4246408.560668,4227625.212352,
1000.000000,4246427.804412,4228315.972845,
1000.000000,4246430.561611,4228554.667837,
1000.000000,4246348.762121,4227038.546047,
1000.000000,4246854.239934,4227941.559024,
1000.000000,4247001.984005,4228869.688834,
1000.000000,4247068.487364,4228250.503066,
1000.000000,4247335.821891,4227479.621615,
1000.000000,4247324.832758,4227847.370818,
1000.000000,4247364.496049,4228800.187584,
1000.000000,4247217.957179,4228644.272010,
1000.000000,4247745.490509,4227802.538124,
1000.000000,4247034.122388,4227622.337706,
1000.000000,4246977.658548,4227804.445975,
1000.000000,4246918.672239,4227663.885139,
1000.000000,4244708.398016,4228668.305399,
1000.000000,4244671.939207,4229419.308521,
1000.000000,4246050.696263,4229307.234729,
1000.000000,4247339.232041,4229569.480873,
1000.000000,4246392.453567,4229397.883459,
1000.000000,4245665.200276,4229752.504193,
1000.000000,4246152.681371,4229456.808978,
1000.000000,4245833.109340,4229970.520304,
1000.000000,4244992.418863,4230363.837717,
1000.000000,4245033.279646,4230348.813049,
1000.000000,4245470.209292,4230286.833598,
1000.000000,4244874.771145,4229376.663073,
1000.000000,4244872.023902,4230401.495741,
1000.000000,4244913.234062,4229954.416298,
1000.000000,4245966.419208,4229826.893006,
1000.000000,4246029.667323,4230349.276325,
1000.000000,4245990.279854,4229520.438236,
1000.000000,4245966.114270,4229471.265272,
1000.000000,4244895.929121,4229275.239721,
1000.000000,4247050.290309,4230664.033006,
1000.000000,4246874.540314,4229808.160108,
1000.000000,4246835.017208,4229754.332246,
1000.000000,4247976.285961,4230659.521728,
1000.000000,4247640.815851,4230055.082633,
1000.000000,4245409.465933,4230007.081168,
1000.000000,4245209.555904,4230571.867294,
1000.000000,4244514.189461,4230933.137833,
1000.000000,4244475.350871,4231394.244893,
1000.000000,4244668.884851,4230885.137731,
1000.000000,4244926.468369,4231428.666498,
1000.000000,4244901.249393,4231068.546137,
1000.000000,4242419.875233,4232105.852644,
1000.000000,4242225.755179,4231398.632955,
1000.000000,4242231.171286,4231852.952858,
1000.000000,4242663.276448,4231596.431083,
1000.000000,4242437.266706,4231057.090365,
1000.000000,4242423.313774,4230987.765577,
1000.000000,4242778.711392,4231398.587319,
1000.000000,4242869.328303,4230818.258640,
1000.000000,4242939.983896,4229375.600008,
1000.000000,4242764.233902,4230391.048484,
1000.000000,4245946.529552,4231124.943947,
1000.000000,4243309.943913,4231009.258419,
1000.000000,4243262.948542,4228648.130019,
1000.000000,4243317.528484,4230196.566687,
1000.000000,4244082.995915,4230942.942582,
1000.000000,4244063.726315,4231137.777722,
1000.000000,4243369.227880,4230996.546774,
1000.000000,4242640.403289,4230688.796773,
1000.000000,4242606.566298,4229964.302179,
1000.000000,4242512.581822,4229874.207153,
1000.000000,4242390.133904,4230376.937242,
1000.000000,4242431.356420,4232103.820925,
1000.000000,4242549.506451,4231939.211771,
1000.000000,4242473.547745,4231238.663752,
1000.000000,4242734.180493,4230561.304392,
1000.000000,4243171.500058,4230903.274412,
1000.000000,4243219.219448,4230785.084689,
1000.000000,4243177.074116,4230135.204535,
1000.000000,4243166.858226,4230628.300003,
1000.000000,4244301.259823,4230327.163022,
1000.000000,4243228.464712,4231670.772039,
1000.000000,4243304.251972,4232183.430435,
1000.000000,4243973.259922,4232074.741031,
1000.000000,4243474.444204,4231828.252880,
1000.000000,4243932.658929,4231982.013798,
1000.000000,4243809.227069,4231800.323865,
1000.000000,4242934.246792,4231722.738477,
1000.000000,4242934.400351,4232225.574477,
1000.000000,4242931.644256,4232914.547202,
1000.000000,4242647.532828,4231498.056632,
1000.000000,4243005.656692,4232622.330038,
1000.000000,4242824.250778,4233144.334244,
1000.000000,4242707.365828,4232662.484488,
1000.000000,4242751.059726,4232898.584407,
1000.000000,4242751.059726,4232863.277994,
1000.000000,4243608.716600,4232414.562589,
1000.000000,4243413.249612,4233210.999439,
1000.000000,4243413.249612,4233032.807927,
1000.000000,4243507.222233,4233126.218922,
1000.000000,4243007.688494,4233437.702728,
1000.000000,4243018.682792,4233238.670964,
1000.000000,4242901.260782,4233082.604253,
1000.000000,4242981.920172,4233754.403241,
1000.000000,4242806.050166,4233735.640298,
1000.000000,4242725.531654,4233176.400038,
1000.000000,4243842.218923,4232379.632907,
1000.000000,4242667.579283,4232845.143466,
1000.000000,4242701.918836,4233405.695988,
1000.000000,4241406.781279,4233532.557951,
1000.000000,4241406.781279,4233742.639582,
1000.000000,4241408.157080,4233051.213739,
1000.000000,4242138.397220,4232995.542793,
1000.000000,4242273.109636,4233080.522213,
1000.000000,4242623.350446,4233314.947735,
1000.000000,4242312.770168,4233313.667944,
1000.000000,4242004.278923,4233428.760805,
1000.000000,4240965.318197,4232532.641044,
1000.000000,4242404.300485,4233203.699919,
1000.000000,4242398.770212,4233759.923402,
1000.000000,4243156.871065,4233033.345792,
1000.000000,4242921.833907,4233894.656683,
1000.000000,4242672.122607,4233818.595964,
1000.000000,4242717.217002,4233099.023518,
1000.000000,4240275.308072,4233368.555057,
1000.000000,4240275.308072,4233382.002620,
1000.000000,4239922.256797,4232237.463210,
1000.000000,4241321.223472,4232426.234875,
1000.000000,4241726.345011,4233577.623753,
1000.000000,4240428.024254,4232639.838584,
1000.000000,4241524.179954,4233188.998826,
1000.000000,4241528.972601,4233091.832566,
1000.000000,4240444.739768,4232382.326260,
1000.000000,4240448.462403,4232192.737125,
1000.000000,4240185.850091,4232498.385905,
1000.000000,4240191.362106,4233751.322989,
1000.000000,4240337.578319,4233187.507083,
1000.000000,4240236.306264,4231863.057197,
1000.000000,4241028.783050,4233635.320205,
1000.000000,4241472.143369,4233410.253755,
1000.000000,4241368.169938,4233096.983784,
1000.000000,4241331.354698,4232607.113753,
1000.000000,4242900.398676,4232970.514401,
1000.000000,4240379.293359,4232984.572775,
1000.000000,4245042.369798,4233481.068702,
1000.000000,4245037.742881,4233326.501912,
1000.000000,4242620.813556,4232604.353388,
1000.000000,4241218.479566,4232391.441851,
1000.000000,4243073.273729,4232766.657258,
1000.000000,4240583.709098,4232493.825496,
1000.000000,4239837.956672,4233016.463005,
1000.000000,4239749.494489,4232471.226076,
1000.000000,4242248.471054,4233429.738295,
1000.000000,4242743.476479,4232705.658740,
1000.000000,4241782.347568,4232980.942655,
1000.000000,4242060.967827,4233238.738575,
1000.000000,4239781.625903,4232811.977749,
1000.000000,4239763.225560,4233000.440854,
1000.000000,4240080.412065,4233070.488160,
1000.000000,4239791.454420,4232333.702441,
1000.000000,4240177.323689,4231428.067528,
1000.000000,4239911.340985,4232406.929951,
1000.000000,4239916.174821,4232643.677551,
1000.000000,4239636.700175,4232901.256457,
1000.000000,4239423.005210,4231980.977702,
1000.000000,4242198.862967,4231874.396459,
1000.000000,4241923.419537,4232335.456089,
