1.656300,67.907477,30.911776,
3.548253,69.588063,35.054379,
4.031027,71.065260,38.580143,
4.404960,71.468913,40.881289,
6.602070,72.820930,42.753492,
7.947487,73.727460,44.557994,
7.917823,73.902797,45.965695,
10.615330,73.868783,47.515518,
10.965450,74.508540,48.756527,
11.288627,74.862867,49.705293,
10.777910,74.774793,50.453949,
12.938313,75.051987,51.270636,
15.636590,75.194033,52.200427,
15.964470,75.238510,52.667962,
14.480343,75.163270,53.326565,
14.993480,75.304077,53.730706,
14.982313,75.782593,54.256364,
15.265627,75.742843,54.523457,
16.429500,75.559290,55.064431,
17.256673,75.356080,55.389049,
18.374033,75.700780,55.928631,
19.372040,75.923490,56.451261,
18.523827,76.009943,56.603061,
21.788087,75.949190,57.127459,
20.915497,76.104407,57.497348,
20.630663,76.340867,58.035730,
19.883207,76.184957,58.258560,
21.711997,76.242440,58.461290,
20.873497,76.168073,59.091111,
22.802747,76.158687,59.558400,
22.763477,76.269317,59.917587,
24.645423,76.112503,60.174973,
26.734080,76.241237,60.592354,
25.330967,76.555603,60.896976,
28.030283,76.408803,61.080236,
28.624977,76.561223,61.618374,
26.409513,76.582307,61.826470,
28.424643,76.514793,62.092594,
27.571990,76.621587,62.450428,
31.169107,76.443470,62.924499,
31.764280,76.575400,63.284140,
30.132573,76.754833,63.649932,
31.279487,76.680063,64.081653,
35.321870,76.783190,64.376150,
33.873160,76.767560,64.838448,
33.569907,76.778873,65.106506,
35.054237,76.845503,65.490478,
34.979253,77.114707,65.822668,
36.166250,77.038983,66.194073,
37.667793,77.065323,66.571491,
36.434097,76.901113,66.579873,
37.996123,76.873233,66.776116,
40.714167,77.166643,67.076915,
40.353290,76.903343,67.378943,
39.100800,76.945110,67.691253,
40.641030,76.887967,67.773696,
40.080090,76.914220,68.042506,
42.240090,76.962687,68.199227,
41.397263,77.115933,68.401800,
42.943303,77.218923,68.617398,
43.204767,77.148507,68.866659,
43.760693,77.067987,69.022794,
44.319070,77.092517,69.219765,
45.720280,77.127873,69.506506,
47.437130,77.155433,69.749724,
46.809513,77.231153,69.946107,
45.727727,77.229067,70.039135,
48.190013,77.117120,70.205943,
46.931307,77.253757,70.351827,
49.566010,77.162633,70.629079,
48.536000,77.266203,70.847215,
48.320950,77.260223,70.919719,
47.193560,77.258360,71.028289,
48.635930,77.267403,71.136559,
47.445893,77.334470,71.266001,
49.320233,77.378247,71.412027,
52.511230,77.259517,71.428815,
50.743253,77.340530,71.498771,
51.247223,77.385740,71.630963,
51.303297,77.317073,71.737991,
51.532500,77.472573,71.719597,
51.118660,77.323940,71.739865,
51.332867,77.360443,71.898610,
51.524937,77.337413,71.963475,
52.631123,77.309393,71.991002,
52.758013,77.428170,72.131330,
51.020180,77.324500,72.169665,
50.640897,77.434197,72.285842,
50.315090,77.448277,72.440733,
50.981717,77.425133,72.539565,
51.699340,77.408223,72.642429,
52.761103,77.359737,72.717545,
52.113947,77.450407,72.734164,
51.935957,77.444473,72.792170,
54.352873,77.497680,72.878575,
52.842120,77.565700,72.904258,
51.729197,77.494970,72.970269,
52.550937,77.495503,73.076450,
53.323460,77.512960,73.078002,
53.010840,77.477700,73.156053,
53.154040,77.463920,73.241321,
53.867747,77.460783,73.257998,
54.053617,77.498260,73.358532,
54.224243,77.507750,73.384073,
52.076803,77.467670,73.374735,
51.712327,77.555057,73.396759,
53.587363,77.492320,73.474044,
52.435223,77.508523,73.512040,
54.144127,77.498320,73.625431,
54.113517,77.438487,73.652747,
54.682727,77.433690,73.636963,
54.903203,77.329907,73.635581,
53.834413,77.407023,73.661481,
53.855340,77.411860,73.702766,
54.090983,77.365837,73.791200,
54.198297,77.466770,73.800328,
52.913110,77.457833,73.726655,
54.267673,77.433770,73.853657,
55.021330,77.454110,73.844442,
55.386080,77.504433,73.872990,
53.956903,77.440917,73.969066,
54.682413,77.518740,74.080961,
55.318160,77.491960,74.086443,
54.785610,77.512320,74.101535,
54.557197,77.490947,74.154245,
55.643637,77.524867,74.163632,
53.066790,77.401663,74.112912,
53.694970,77.440950,74.171044,
54.737507,77.468377,74.160061,
56.163247,77.528903,74.139021,
55.583107,77.518953,74.176679,
56.033357,77.478720,74.168872,
55.350457,77.488530,74.245114,
56.068010,77.418067,74.223449,
57.261253,77.444960,74.292574,
57.991730,77.393917,74.325149,
58.365470,77.501943,74.321061,
55.320873,77.468550,74.349842,
54.363633,77.505380,74.407998,
55.962460,77.468657,74.406337,
54.393277,77.462470,74.391340,
55.554970,77.556330,74.402223,
55.607247,77.553340,74.373234,
54.840607,77.519567,74.360490,
55.469733,77.556423,74.403038,
56.047403,77.475417,74.434299,
54.266727,77.475737,74.432950,
52.881690,77.415463,74.408386,
55.516053,77.418733,74.427388,
55.521543,77.428803,74.430213,
55.873767,77.499053,74.443747,
54.325287,77.452160,74.506765,
53.610993,77.415443,74.439047,
54.143633,77.341137,74.446415,
54.488090,77.444580,74.461547,
55.041257,77.428037,74.494286,
54.735830,77.468877,74.486890,
54.440873,77.401850,74.534634,
54.266133,77.378413,74.571010,
54.104403,77.341497,74.553454,
55.327427,77.486053,74.558952,
55.290970,77.418940,74.537289,
55.720403,77.412033,74.589668,
55.265530,77.374870,74.617494,
54.099547,77.374777,74.625119,
55.697997,77.311933,74.651427,
56.176860,77.398227,74.662262,
55.606773,77.333930,74.679818,
55.530810,77.327730,74.691052,
55.501967,77.371347,74.746162,
56.604470,77.330667,74.769754,
54.864857,77.321110,74.732589,
56.736323,77.360490,74.773595,
58.201350,77.387430,74.782331,
58.105230,77.390533,74.812628,
58.173233,77.437833,74.845038,
56.739297,77.363927,74.864381,
57.695080,77.363580,74.869872,
58.496533,77.418260,74.850802,
57.463927,77.414777,74.864026,
57.274430,77.372533,74.897642,
56.108647,77.355650,74.898800,
55.762717,77.365013,74.872381,
57.341127,77.345813,74.870815,
55.583213,77.332093,74.877496,
57.609717,77.318480,74.939116,
56.124423,77.421923,74.875391,
55.977723,77.392153,74.846771,
55.642993,77.409437,74.892894,
55.346623,77.442570,74.866414,
55.507443,77.392253,74.886665,
55.064100,77.388443,74.883521,
54.211977,77.375583,74.853901,
54.743190,77.388450,74.831339,
53.382973,77.362857,74.826184,
53.294910,77.452053,74.861114,
53.905743,77.392013,74.866037,
54.809953,77.395677,74.896928,
54.927973,77.436183,74.873385,
55.314063,77.402483,74.908364,
55.981440,77.392667,74.975189,
56.910567,77.423217,75.027247,
56.054360,77.385487,75.022525,
55.421400,77.378513,74.995144,
55.863063,77.366273,75.026454,
58.710663,77.392153,75.025195,
57.334847,77.375863,74.970339,
57.102160,77.368917,74.945063,
54.410460,77.361717,74.917917,
52.702870,77.345480,74.915414,
55.569450,77.368923,74.938064,
54.829660,77.381110,74.919565,
54.768633,77.437953,74.973576,
54.023430,77.404580,74.974448,
53.151403,77.317887,75.020968,
53.570567,77.371373,75.029133,
52.915867,77.398300,75.007924,
52.567713,77.408090,74.995027,
54.627050,77.398960,75.037058,
54.225523,77.418480,75.059666,
53.641557,77.398247,75.054311,
54.361287,77.391747,75.103363,
54.911490,77.352067,75.106166,
55.110330,77.277653,75.154149,
53.317873,77.320663,75.120224,
54.451380,77.261710,75.112485,
55.947437,77.288290,75.147094,
56.769637,77.351473,75.176824,
56.036763,77.334677,75.164103,
56.419437,77.311167,75.206171,
57.577543,77.357927,75.233799,
58.515260,77.362610,75.280939,
55.585853,77.359340,75.237121,
56.149447,77.366493,75.278052,
57.304137,77.378613,75.332504,
56.618587,77.351613,75.349332,
55.623643,77.454757,75.304203,
56.071593,77.374143,75.322958,
55.873213,77.431107,75.313054,
57.585300,77.398133,75.290481,
56.681263,77.362083,75.278879,
56.504587,77.337767,75.273923,
56.070537,77.441657,75.266541,
55.297587,77.458553,75.301322,
54.930527,77.351280,75.261342,
55.530717,77.377693,75.263860,
54.369780,77.358267,75.252249,
56.333733,77.311087,75.269495,
56.161437,77.274730,75.231149,
54.670590,77.341177,75.265255,
55.717813,77.301290,75.218784,
54.741303,77.371260,75.203544,
53.065550,77.321583,75.216917,
54.800903,77.329043,75.245563,
56.132213,77.298760,75.230966,
55.652533,77.294570,75.227198,
57.122970,77.338360,75.236756,
56.609940,77.281117,75.270537,
56.535240,77.232207,75.280776,
56.291503,77.229197,75.273402,
57.229737,77.239460,75.277946,
56.454823,77.228243,75.254399,
57.229277,77.298653,75.244678,
57.132153,77.265060,75.232657,
54.496190,77.228697,75.173765,
55.109307,77.242103,75.214464,
57.191410,77.218800,75.258768,
55.770317,77.211520,75.262882,
56.574480,77.251753,75.273542,
55.732973,77.221690,75.255492,
57.103543,77.200950,75.274569,
57.386787,77.188417,75.294737,
55.032373,77.202423,75.294060,
58.127770,77.212313,75.323847,
56.432887,77.195303,75.301157,
57.500637,77.238460,75.346433,
56.625810,77.258993,75.338077,
56.906173,77.238960,75.390280,
57.181117,77.228923,75.371052,
54.943517,77.228623,75.350171,
55.747350,77.272173,75.353143,
56.879037,77.285993,75.370486,
56.477653,77.345487,75.404498,
55.834567,77.319360,75.349435,
56.734753,77.345707,75.368524,
56.964953,77.339167,75.317448,
56.255620,77.265280,75.385070,
56.794790,77.315963,75.376096,
57.849390,77.282123,75.404278,
57.472740,77.372260,75.392987,
56.561363,77.375610,75.348863,
55.548763,77.348643,75.320922,
56.046280,77.325713,75.370045,
55.437937,77.405920,75.393360,
57.178577,77.368863,75.385684,
56.808257,77.338267,75.347215,
57.202840,77.277613,75.378154,
55.851630,77.265087,75.379463,
55.641447,77.291580,75.412238,
56.858027,77.270760,75.417142,
56.816087,77.265013,75.441884,
55.047337,77.258687,75.469125,
55.261147,77.301457,75.468548,
56.979437,77.329583,75.575554,
58.102873,77.258460,75.619478,
56.357387,77.258907,75.590617,
57.106447,77.265533,75.641220,
57.886217,77.275890,75.628417,
57.649383,77.258860,75.643247,
57.328413,77.249163,75.625668,
57.211417,77.256057,75.615014,
57.069183,77.316050,75.626472,
55.574003,77.252613,75.592060,
55.871300,77.218860,75.587904,
56.133413,77.294737,75.572311,
56.413170,77.287930,75.556381,
56.630123,77.295057,75.560551,
57.629760,77.311860,75.570657,
56.972680,77.356150,75.564998,
57.652360,77.349597,75.563106,
58.472827,77.438367,75.581465,
58.965320,77.346173,75.674893,
58.407397,77.378727,75.687029,
56.906703,77.401817,75.687514,
55.599067,77.311893,75.703563,
55.885173,77.372113,75.705780,
56.628900,77.352920,75.695920,
56.467947,77.292373,75.689058,
58.087413,77.295997,75.701622,
59.547660,77.326707,75.712030,
58.021623,77.350017,75.735806,
56.169927,77.340020,75.747413,
57.585830,77.390137,75.756679,
61.107530,77.363803,75.828801,
59.408280,77.333293,75.812019,
58.996247,77.339600,75.771158,
57.924123,77.352227,75.766822,
57.641430,77.359133,75.782116,
58.293657,77.382637,75.788033,
56.740860,77.365953,75.741841,
56.822027,77.352653,75.718620,
57.240977,77.359200,75.720191,
55.904757,77.348983,75.727272,
56.352743,77.349063,75.734945,
56.757003,77.322163,75.726735,
54.966017,77.349003,75.699654,
55.117910,77.409283,75.727540,
53.072067,77.338893,75.697636,
56.683130,77.409090,75.690069,
55.381067,77.391913,75.702379,
57.868903,77.448823,75.738332,
57.251890,77.505987,75.762667,
56.017827,77.532840,75.818089,
56.997097,77.539573,75.856880,
57.070783,77.559893,75.873200,
59.186547,77.482563,75.928208,
58.837843,77.431847,75.929598,
56.496280,77.475577,75.856146,
55.605953,77.455543,75.843510,
54.402447,77.422303,75.813671,
54.706983,77.455863,75.803386,
56.183697,77.466047,75.804229,
56.547723,77.469043,75.851187,
56.452707,77.489710,75.813522,
57.436747,77.469537,75.798725,
57.173997,77.465073,75.807430,
57.868323,77.422217,75.854454,
55.075707,77.467643,75.857899,
57.786183,77.499780,75.937650,
57.633590,77.479760,75.976058,
57.475447,77.473120,76.002180,
59.340923,77.436230,75.991213,
56.212403,77.469817,75.985715,
57.127780,77.462897,76.014450,
57.423953,77.496190,76.022477,
56.744033,77.530057,76.020983,
55.836723,77.537083,75.958748,
55.725337,77.537217,75.921835,
55.841297,77.476657,75.931559,
57.081757,77.469870,76.010673,
55.358553,77.416870,75.984684,
57.240733,77.382957,75.986378,
56.681680,77.382890,75.993114,
57.152850,77.389977,76.006359,
55.918940,77.390090,76.031751,
56.195343,77.386587,76.047524,
55.914823,77.419447,76.038041,
56.252813,77.389550,76.047322,
56.460583,77.406067,76.029850,
57.030660,77.426527,76.053513,
57.969183,77.419780,76.037578,
60.255667,77.443403,76.091689,
60.112790,77.423137,76.038092,
58.647510,77.419707,76.020844,
59.550550,77.423043,76.050968,
58.029080,77.460073,76.056786,
58.130703,77.519840,76.057817,
59.558177,77.486327,76.079957,
58.324690,77.552527,76.036561,
59.722223,77.559527,76.063925,
59.347870,77.549710,76.064533,
60.237630,77.580013,76.086864,
59.653057,77.519533,76.068084,
59.440627,77.562863,76.045063,
57.736153,77.546113,76.050683,
57.281037,77.559600,76.052293,
57.873207,77.579927,76.065871,
60.477693,77.583510,76.150979,
59.851473,77.606940,76.164449,
57.160180,77.539827,76.133643,
56.922167,77.536950,76.145477,
58.264427,77.546747,76.164147,
59.325183,77.562937,76.145290,
59.089490,77.583243,76.154884,
57.711270,77.543450,76.117645,
56.514103,77.613753,76.115644,
55.497017,77.600707,76.121952,
57.228960,77.537303,76.127974,
60.351890,77.516910,76.132681,
61.274117,77.540393,76.124316,
60.321663,77.536830,76.088487,
58.762177,77.529970,76.113489,
60.001990,77.533147,76.104234,
57.949403,77.486593,76.109496,
56.646053,77.499920,76.081863,
59.303757,77.479527,76.099845,
57.110917,77.516797,76.089869,
58.511650,77.530397,76.090380,
57.359927,77.446813,76.067517,
56.147067,77.449670,76.079091,
56.823203,77.470377,76.053517,
54.896350,77.520440,76.018923,
53.932620,77.547220,76.048148,
53.177250,77.477337,75.987683,
54.489100,77.480240,76.000361,
55.727853,77.506687,76.068582,
54.187790,77.456657,76.051510,
58.062780,77.443417,76.090270,
57.751793,77.473527,76.074133,
58.483187,77.436257,76.053967,
55.216170,77.443237,76.017853,
56.146277,77.493193,76.006789,
56.944173,77.517403,76.010937,
55.838233,77.530197,76.018914,
57.313143,77.517223,76.089870,
57.517717,77.566947,76.086059,
60.440160,77.597377,76.110687,
57.273077,77.560767,76.063837,
57.918063,77.544037,76.067580,
58.724793,77.560907,76.111533,
59.982750,77.630877,76.107224,
59.026277,77.633907,76.085223,
58.993650,77.591070,76.062942,
58.787683,77.533933,76.077585,
56.077553,77.554613,76.053124,
56.042390,77.540913,76.038190,
57.502170,77.567587,76.040318,
57.732900,77.604450,76.056610,
55.120953,77.594367,76.027557,
54.456027,77.567300,75.998126,
56.154803,77.587680,76.056530,
57.141823,77.523663,76.026268,
57.220903,77.560660,76.041670,
57.850393,77.527507,76.061658,
57.555767,77.524057,76.065506,
60.155713,77.444137,76.059704,
57.799517,77.437603,76.014970,
58.539313,77.405083,75.999508,
55.617447,77.521387,75.938822,
56.831610,77.458430,75.926229,
57.429650,77.448460,75.954318,
55.897053,77.441587,75.941210,
55.441350,77.431277,75.980477,
55.662723,77.461667,75.982169,
54.795173,77.457837,75.995553,
55.365070,77.434760,76.057904,
55.447993,77.485177,76.078616,
57.002107,77.478683,76.099084,
58.218623,77.474427,76.089692,
56.930647,77.398237,76.078963,
58.056737,77.471970,76.091562,
58.337277,77.492103,76.164748,
57.406197,77.489207,76.122299,
56.494773,77.495380,76.092437,
58.315720,77.481960,76.133892,
58.652790,77.548213,76.169151,
58.597537,77.571163,76.149622,
55.729833,77.577670,76.098714,
57.441930,77.561160,76.143668,
56.646427,77.511463,76.119184,
55.294713,77.571350,76.045761,
55.057477,77.567940,76.002893,
54.776033,77.581080,75.964469,
55.175260,77.544163,75.963471,
55.421700,77.504037,76.004639,
53.823737,77.530523,75.999778,
55.501600,77.554347,75.956441,
55.976683,77.486540,75.944168,
57.885563,77.506840,75.987293,
55.390997,77.483357,75.969234,
