-10.466667,22.533333,7.970500,
-5.266667,23.400000,11.056500,
-2.966667,24.133333,12.960833,
-0.466667,24.666667,14.358667,
2.166667,24.933333,15.636667,
3.400000,25.533333,16.672500,
4.833333,25.733333,17.496833,
6.333333,26.000000,18.216667,
7.266667,26.033333,18.781167,
8.200000,26.233333,19.299167,
8.533333,26.400000,19.699167,
9.566667,26.666667,20.129667,
10.433333,26.700000,20.522333,
10.700000,26.833333,20.852667,
11.433333,26.733333,21.148500,
12.066667,26.866667,21.395500,
12.966667,26.933333,21.617500,
13.300000,27.133333,21.868667,
13.800000,26.966667,22.077167,
13.833333,27.133333,22.267333,
14.666667,27.366667,22.419000,
14.866667,27.366667,22.614000,
15.166667,27.300000,22.754833,
15.333333,27.333333,22.874667,
16.066667,27.433333,23.011833,
16.133333,27.500000,23.149667,
16.433333,27.766667,23.288500,
16.366667,27.566667,23.413167,
16.833333,27.600000,23.556000,
17.266667,27.600000,23.680667,
17.566667,27.833333,23.780167,
17.866667,28.000000,23.890000,
18.133333,27.833333,23.997833,
17.966667,27.766667,24.058833,
18.266667,27.733333,24.134667,
19.100000,27.933333,24.217000,
18.900000,27.900000,24.248667,
18.966667,27.966667,24.332333,
19.133333,28.000000,24.413500,
19.633333,28.033333,24.442833,
19.333333,28.066667,24.491500,
19.400000,28.033333,24.595167,
19.733333,28.200000,24.637167,
19.900000,28.100000,24.679333,
20.233333,28.133333,24.720167,
20.066667,28.000000,24.791667,
20.366667,28.066667,24.850333,
20.733333,28.333333,24.919333,
20.700000,28.133333,24.960500,
20.833333,28.300000,25.021667,
20.866667,28.366667,25.077000,
20.933333,28.466667,25.153500,
21.100000,28.300000,25.174000,
21.300000,28.433333,25.197167,
21.300000,28.200000,25.214167,
21.300000,28.266667,25.276667,
21.500000,28.400000,25.324500,
21.533333,28.400000,25.378667,
21.700000,28.466667,25.439333,
21.766667,28.433333,25.501000,
21.866667,28.433333,25.538667,
21.733333,28.700000,25.575333,
21.933333,28.533333,25.600000,
22.133333,28.566667,25.641333,
22.133333,28.533333,25.661500,
22.066667,28.500000,25.693333,
22.333333,28.400000,25.724500,
22.300000,28.500000,25.749667,
22.233333,28.500000,25.821500,
22.333333,28.666667,25.866833,
22.566667,28.533333,25.889333,
22.600000,28.633333,25.902500,
22.700000,28.700000,25.935500,
22.733333,28.666667,25.962333,
22.800000,28.633333,25.990833,
22.833333,28.733333,26.033333,
22.733333,28.466667,26.044333,
22.866667,28.766667,26.090500,
22.900000,28.666667,26.115167,
22.966667,28.766667,26.161167,
22.966667,28.766667,26.197667,
23.133333,28.733333,26.197667,
23.166667,28.766667,26.230167,
23.266667,28.766667,26.245333,
23.300000,28.833333,26.268833,
23.366667,28.733333,26.313833,
23.300000,28.800000,26.366000,
23.433333,28.633333,26.374000,
23.566667,28.866667,26.378500,
23.500000,28.766667,26.402500,
23.433333,28.733333,26.428833,
23.500000,28.833333,26.468167,
23.600000,28.833333,26.512667,
23.533333,28.900000,26.533000,
23.700000,28.966667,26.526500,
23.700000,28.966667,26.555167,
23.633333,28.900000,26.569500,
23.833333,28.866667,26.629833,
23.933333,28.866667,26.667667,
23.900000,28.833333,26.692333,
23.900000,28.833333,26.699667,
23.900000,28.966667,26.719833,
23.866667,28.833333,26.738000,
24.033333,29.033333,26.760500,
24.100000,28.966667,26.788000,
24.066667,29.000000,26.817167,
24.166667,29.066667,26.831000,
24.166667,29.033333,26.868333,
24.233333,28.933333,26.878667,
24.166667,29.000000,26.907500,
24.166667,29.000000,26.910000,
24.166667,29.033333,26.929500,
24.433333,29.066667,26.949833,
24.466667,28.966667,26.977333,
24.233333,28.966667,27.007667,
24.466667,28.966667,27.023500,
24.433333,29.000000,27.036500,
24.466667,29.000000,27.061000,
24.566667,28.966667,27.070500,
24.500000,29.033333,27.096000,
24.533333,29.066667,27.127167,
24.533333,29.100000,27.141667,
24.733333,29.033333,27.158167,
24.500000,29.066667,27.176667,
24.733333,29.066667,27.193167,
24.833333,29.033333,27.201333,
24.633333,29.100000,27.217167,
24.666667,29.033333,27.244333,
24.800000,28.933333,27.241833,
24.900000,29.066667,27.261833,
24.900000,29.066667,27.275167,
24.900000,29.100000,27.289000,
24.800000,29.100000,27.302667,
24.900000,29.066667,27.304167,
25.033333,29.033333,27.312333,
25.133333,29.033333,27.327667,
25.166667,29.066667,27.362000,
25.100000,29.066667,27.384167,
25.133333,29.033333,27.385833,
25.200000,29.000000,27.405500,
25.366667,29.066667,27.431667,
25.266667,29.133333,27.427333,
25.300000,29.100000,27.442000,
25.233333,29.066667,27.454000,
25.300000,29.100000,27.456500,
25.333333,29.066667,27.467167,
25.533333,29.033333,27.506667,
25.533333,29.033333,27.522833,
25.466667,29.066667,27.547333,
25.366667,29.000000,27.562333,
25.400000,29.033333,27.578000,
25.600000,29.066667,27.593500,
25.566667,29.100000,27.593833,
25.666667,29.133333,27.595333,
25.533333,29.133333,27.624500,
25.666667,29.100000,27.646000,
25.766667,29.066667,27.660667,
25.600000,29.066667,27.664667,
25.666667,29.033333,27.675167,
25.700000,29.066667,27.691500,
25.566667,29.033333,27.708500,
25.833333,29.100000,27.738167,
25.700000,29.066667,27.740500,
25.766667,29.100000,27.743000,
25.733333,29.066667,27.742000,
25.633333,29.066667,27.763000,
25.633333,29.066667,27.758500,
25.666667,29.133333,27.753000,
25.633333,29.100000,27.766000,
25.666667,29.033333,27.775167,
25.633333,29.100000,27.786167,
25.600000,29.066667,27.798500,
25.666667,29.133333,27.807167,
25.800000,29.066667,27.816333,
25.833333,29.066667,27.824000,
25.933333,29.033333,27.836667,
25.966667,29.066667,27.835000,
25.966667,29.033333,27.831667,
26.033333,29.033333,27.838333,
26.000000,29.033333,27.851500,
26.066667,29.033333,27.864500,
26.033333,29.033333,27.873833,
26.033333,29.033333,27.885167,
26.066667,29.000000,27.896500,
26.133333,29.033333,27.902000,
26.100000,29.066667,27.924333,
26.100000,29.033333,27.949333,
26.166667,29.066667,27.953667,
26.166667,29.033333,27.960167,
26.266667,29.066667,27.973167,
26.300000,29.066667,27.988333,
26.400000,29.066667,27.991833,
26.300000,29.066667,27.991333,
26.333333,29.033333,27.992333,
26.333333,29.066667,27.989167,
26.366667,29.033333,27.999667,
26.300000,29.100000,28.011333,
26.400000,29.033333,28.022833,
26.400000,29.033333,28.037333,
26.466667,29.033333,28.041167,
26.433333,29.066667,28.055833,
26.266667,29.066667,28.054000,
26.266667,29.033333,28.063833,
26.300000,29.000000,28.079333,
26.333333,29.066667,28.087333,
26.333333,29.033333,28.093833,
26.366667,29.000000,28.113000,
26.433333,29.033333,28.120500,
26.366667,29.000000,28.121000,
26.366667,29.033333,28.113333,
26.400000,29.033333,28.120167,
26.333333,29.033333,28.112000,
26.366667,29.033333,28.121500,
26.300000,29.033333,28.131667,
26.633333,29.033333,28.140833,
26.500000,29.033333,28.146167,
26.466667,29.033333,28.146833,
26.433333,29.033333,28.146500,
26.500000,29.000000,28.158333,
26.666667,28.966667,28.161000,
26.700000,28.966667,28.166167,
26.733333,29.033333,28.173167,
26.733333,29.000000,28.183667,
26.600000,29.033333,28.199500,
26.566667,29.033333,28.210833,
26.600000,28.966667,28.204000,
26.633333,28.966667,28.203333,
26.600000,28.966667,28.211667,
26.433333,28.966667,28.214333,
26.766667,28.966667,28.215333,
26.666667,28.966667,28.234167,
26.766667,28.966667,28.254667,
26.766667,28.966667,28.266833,
26.700000,28.966667,28.261667,
26.733333,28.966667,28.272333,
26.833333,28.966667,28.282000,
26.833333,28.966667,28.287333,
27.000000,28.966667,28.301000,
27.000000,28.966667,28.304167,
27.133333,28.966667,28.319333,
27.133333,28.966667,28.321667,
27.033333,28.966667,28.331500,
27.100000,28.966667,28.333833,
27.133333,28.966667,28.336167,
27.166667,28.966667,28.339333,
27.133333,28.966667,28.349333,
27.133333,28.966667,28.359833,
27.133333,28.966667,28.367333,
27.133333,28.966667,28.360667,
27.066667,28.966667,28.368833,
27.066667,28.966667,28.366333,
27.100000,28.966667,28.367333,
27.133333,28.966667,28.367500,
27.133333,28.966667,28.367333,
27.166667,28.966667,28.363833,
27.133333,28.966667,28.360833,
27.166667,28.966667,28.362333,
27.166667,28.966667,28.367667,
27.200000,28.966667,28.378500,
27.266667,28.966667,28.373667,
27.233333,28.933333,28.380833,
27.266667,28.933333,28.387333,
27.166667,28.933333,28.407667,
27.200000,28.933333,28.417500,
27.200000,28.966667,28.422167,
27.200000,28.966667,28.424833,
27.200000,28.966667,28.430667,
27.233333,28.966667,28.430833,
27.200000,28.966667,28.420333,
27.166667,28.966667,28.428667,
27.200000,28.966667,28.438500,
27.333333,28.966667,28.442167,
27.266667,28.933333,28.444667,
27.366667,28.933333,28.437667,
27.300000,28.933333,28.441333,
27.433333,28.933333,28.444000,
27.400000,28.933333,28.449333,
27.400000,28.933333,28.459333,
27.433333,28.933333,28.466000,
27.400000,28.933333,28.474167,
27.300000,28.933333,28.469500,
27.500000,28.933333,28.477167,
27.500000,28.933333,28.481000,
27.433333,28.933333,28.487167,
27.433333,28.933333,28.490500,
27.233333,28.933333,28.501833,
27.266667,28.933333,28.505333,
27.333333,28.933333,28.504333,
27.466667,28.933333,28.512500,
27.366667,28.933333,28.517167,
27.466667,28.966667,28.519167,
27.466667,28.933333,28.524667,
27.500000,28.933333,28.527833,
27.500000,28.933333,28.531333,
27.566667,28.933333,28.538000,
27.566667,28.933333,28.542000,
27.366667,28.933333,28.544000,
27.333333,28.933333,28.548500,
27.300000,28.933333,28.554333,
27.333333,28.933333,28.561833,
27.633333,28.933333,28.566500,
27.633333,28.933333,28.568833,
27.633333,28.933333,28.577000,
27.633333,28.933333,28.579500,
27.666667,28.933333,28.579667,
27.600000,28.933333,28.579000,
27.733333,28.933333,28.577000,
27.566667,28.933333,28.578500,
27.566667,28.933333,28.592333,
27.500000,28.933333,28.588167,
27.633333,28.933333,28.593167,
27.666667,28.933333,28.589333,
27.666667,28.933333,28.593000,
27.666667,28.933333,28.592667,
27.600000,28.933333,28.588333,
27.600000,28.933333,28.585167,
27.666667,28.933333,28.596667,
27.633333,28.933333,28.598000,
27.500000,28.933333,28.606000,
27.500000,28.933333,28.607167,
27.500000,28.933333,28.609333,
27.400000,28.933333,28.620333,
27.633333,28.933333,28.626000,
27.633333,28.933333,28.623667,
27.633333,28.933333,28.626833,
27.666667,28.933333,28.633833,
27.800000,28.933333,28.639667,
27.833333,28.933333,28.640000,
27.800000,28.933333,28.643000,
27.900000,28.933333,28.643833,
27.966667,28.933333,28.645000,
27.966667,28.933333,28.648500,
28.000000,28.933333,28.647667,
27.966667,28.933333,28.646500,
27.900000,28.933333,28.652000,
27.966667,28.933333,28.657333,
28.133333,28.933333,28.671833,
28.066667,28.933333,28.671500,
28.000000,28.933333,28.671000,
28.033333,28.933333,28.675167,
28.100000,28.933333,28.673667,
28.100000,28.933333,28.671833,
27.966667,28.933333,28.673833,
27.933333,28.933333,28.678167,
28.100000,28.933333,28.675667,
28.033333,28.933333,28.678833,
28.100000,28.933333,28.680000,
28.000000,28.933333,28.682167,
28.033333,28.933333,28.685333,
28.100000,28.933333,28.687833,
28.133333,28.933333,28.694000,
28.133333,28.933333,28.700833,
28.100000,28.933333,28.706667,
28.166667,28.933333,28.708833,
28.200000,28.933333,28.714000,
28.233333,28.933333,28.718500,
28.233333,28.933333,28.721833,
28.200000,28.933333,28.719167,
28.233333,28.933333,28.724500,
28.233333,28.900000,28.726833,
28.266667,28.933333,28.720500,
28.266667,28.933333,28.724667,
28.266667,28.900000,28.727167,
28.333333,28.900000,28.729833,
28.333333,28.933333,28.733000,
28.366667,28.933333,28.734500,
28.366667,28.933333,28.730500,
28.366667,28.900000,28.726500,
28.366667,28.900000,28.730333,
28.366667,28.900000,28.728333,
28.366667,28.933333,28.729000,
28.366667,28.933333,28.725333,
28.366667,28.933333,28.728667,
28.366667,28.933333,28.733833,
28.200000,28.933333,28.732667,
28.366667,28.933333,28.735833,
28.333333,28.933333,28.732667,
28.333333,28.933333,28.728667,
28.333333,28.933333,28.738167,
28.333333,28.933333,28.741167,
28.266667,28.933333,28.740333,
28.366667,28.933333,28.738833,
28.333333,28.933333,28.744167,
28.366667,28.933333,28.743833,
28.366667,28.933333,28.752000,
28.366667,28.933333,28.753167,
28.366667,28.933333,28.745833,
28.333333,28.933333,28.747000,
28.366667,28.933333,28.742667,
28.366667,28.933333,28.743500,
28.366667,28.933333,28.744333,
28.366667,28.933333,28.742167,
28.366667,28.900000,28.738167,
28.433333,28.933333,28.738667,
28.333333,28.933333,28.735167,
28.433333,28.933333,28.733000,
28.400000,28.866667,28.734000,
28.400000,28.866667,28.734333,
28.400000,28.866667,28.735500,
28.400000,28.933333,28.736000,
28.400000,28.900000,28.737667,
28.400000,28.900000,28.743500,
28.366667,28.933333,28.743500,
28.433333,28.933333,28.743833,
28.400000,28.900000,28.745500,
28.400000,28.933333,28.752833,
28.366667,28.933333,28.760667,
28.400000,28.933333,28.761500,
28.400000,28.933333,28.763333,
28.433333,28.933333,28.773667,
28.366667,28.933333,28.774167,
28.366667,28.933333,28.774000,
28.366667,28.933333,28.774833,
28.366667,28.933333,28.773167,
28.333333,28.933333,28.775833,
28.200000,28.933333,28.780167,
28.166667,28.933333,28.780167,
28.133333,28.933333,28.786000,
28.133333,28.933333,28.789333,
28.200000,28.933333,28.790333,
28.133333,28.933333,28.788167,
28.133333,28.933333,28.790833,
28.300000,28.933333,28.787500,
28.300000,28.933333,28.790167,
28.300000,28.933333,28.795667,
28.333333,28.933333,28.797333,
28.366667,28.933333,28.797833,
28.400000,28.933333,28.800667,
28.400000,28.933333,28.801167,
28.400000,28.933333,28.803667,
28.300000,28.933333,28.803333,
28.366667,28.933333,28.798167,
28.366667,28.933333,28.806667,
28.366667,28.933333,28.801500,
28.366667,28.933333,28.801833,
28.200000,28.933333,28.804167,
28.166667,28.933333,28.804167,
28.100000,28.933333,28.805333,
28.300000,28.933333,28.808000,
28.133333,28.933333,28.809167,
28.300000,28.933333,28.810000,
28.333333,28.933333,28.817333,
28.333333,28.933333,28.818500,
28.366667,28.933333,28.821333,
28.400000,28.933333,28.820333,
28.400000,28.933333,28.824500,
28.433333,28.933333,28.829167,
28.466667,28.933333,28.826500,
28.433333,28.933333,28.822667,
28.433333,28.933333,28.822000,
28.466667,28.933333,28.820833,
28.500000,28.933333,28.820833,
28.466667,28.900000,28.820167,
28.466667,28.900000,28.824000,
28.466667,28.900000,28.825500,
28.400000,28.900000,28.826833,
28.400000,28.900000,28.828167,
28.433333,28.900000,28.828833,
28.433333,28.900000,28.828000,
28.433333,28.900000,28.831333,
28.433333,28.900000,28.831333,
28.333333,28.900000,28.833333,
28.400000,28.900000,28.838500,
28.433333,28.900000,28.839333,
28.466667,28.900000,28.840667,
28.466667,28.900000,28.840167,
28.500000,28.900000,28.839167,
28.533333,28.900000,28.840167,
28.533333,28.900000,28.846833,
28.533333,28.900000,28.848000,
28.500000,28.900000,28.851167,
28.566667,28.900000,28.852500,
28.600000,28.900000,28.852167,
28.566667,28.900000,28.851833,
28.600000,28.900000,28.852333,
28.633333,28.900000,28.853667,
28.700000,28.900000,28.853833,
28.700000,28.900000,28.854167,
28.633333,28.900000,28.853667,
28.666667,28.900000,28.854833,
28.466667,28.900000,28.855667,
28.366667,28.900000,28.855333,
28.633333,28.900000,28.855000,
28.633333,28.900000,28.855167,
28.666667,28.900000,28.859333,
28.633333,28.900000,28.857667,
28.666667,28.900000,28.856333,
28.700000,28.900000,28.856833,
28.700000,28.900000,28.858333,
28.700000,28.900000,28.860500,
28.700000,28.900000,28.865500,
28.700000,28.900000,28.866500,
28.666667,28.900000,28.867500,
28.700000,28.900000,28.870833,
28.666667,28.900000,28.873167,
28.733333,28.900000,28.875167,
28.700000,28.900000,28.873333,
28.700000,28.900000,28.873500,
28.700000,28.900000,28.873667,
28.666667,28.900000,28.872500,
