-10.100000,22.300000,8.112333,
-6.700000,23.433333,10.938333,
-2.500000,23.900000,12.918500,
-0.733333,24.566667,14.458833,
1.000000,25.166667,15.556167,
3.433333,25.066667,16.537333,
4.233333,25.466667,17.275167,
5.266667,25.900000,18.025167,
6.866667,25.933333,18.589167,
7.933333,26.000000,19.090333,
8.400000,26.133333,19.522167,
8.733333,26.233333,19.923833,
9.433333,26.300000,20.280333,
9.666667,26.300000,20.657500,
11.066667,26.533333,20.952667,
11.466667,26.733333,21.219667,
11.766667,26.700000,21.417667,
12.233333,26.933333,21.665000,
12.900000,26.966667,21.862500,
13.566667,27.166667,22.074167,
14.266667,27.166667,22.282333,
14.666667,27.166667,22.447500,
14.633333,27.000000,22.559000,
15.200000,27.200000,22.697000,
15.466667,27.333333,22.839333,
15.866667,27.200000,22.984000,
16.133333,27.433333,23.127500,
16.366667,27.500000,23.248333,
16.800000,27.566667,23.341167,
17.033333,27.500000,23.462000,
17.600000,27.633333,23.579333,
17.833333,27.533333,23.663167,
17.533333,27.600000,23.715167,
17.833333,27.433333,23.786833,
17.933333,27.566667,23.869333,
18.333333,27.600000,23.969833,
18.533333,27.700000,24.055667,
18.666667,27.666667,24.150167,
19.066667,27.766667,24.187333,
19.300000,27.766667,24.244167,
19.233333,27.833333,24.324833,
19.400000,27.800000,24.368500,
19.400000,27.833333,24.451667,
19.600000,27.866667,24.497833,
19.533333,27.900000,24.514500,
19.800000,28.133333,24.588333,
20.266667,27.866667,24.647333,
20.266667,28.000000,24.736833,
20.033333,27.900000,24.751833,
20.066667,28.033333,24.816167,
20.166667,28.233333,24.873000,
20.300000,28.033333,24.941000,
20.600000,28.066667,24.981833,
20.700000,28.166667,25.047167,
20.733333,28.200000,25.105167,
20.633333,28.166667,25.124500,
20.900000,28.333333,25.169167,
20.900000,28.100000,25.178500,
21.066667,28.166667,25.190500,
21.033333,28.133333,25.222667,
20.666667,28.133333,25.284833,
21.100000,28.166667,25.328500,
21.066667,28.266667,25.367167,
21.133333,28.433333,25.417333,
21.533333,28.300000,25.466167,
21.566667,28.266667,25.518167,
21.666667,28.200000,25.547667,
21.766667,28.200000,25.602833,
21.900000,28.300000,25.631000,
21.833333,28.333333,25.671333,
21.966667,28.333333,25.679000,
22.033333,28.400000,25.736667,
22.166667,28.400000,25.793500,
22.166667,28.366667,25.827500,
22.300000,28.400000,25.839500,
22.066667,28.500000,25.877167,
22.400000,28.500000,25.923500,
22.533333,28.533333,25.954833,
22.533333,28.566667,25.977333,
22.366667,28.500000,25.985333,
22.266667,28.466667,26.002167,
22.566667,28.600000,26.026500,
22.700000,28.500000,26.046167,
23.033333,28.500000,26.078833,
23.066667,28.600000,26.116333,
23.066667,28.533333,26.136833,
22.966667,28.566667,26.178000,
23.166667,28.600000,26.210333,
23.500000,28.566667,26.239500,
23.500000,28.600000,26.280500,
23.400000,28.600000,26.302500,
23.466667,28.700000,26.319167,
23.400000,28.600000,26.337333,
23.433333,28.666667,26.367333,
23.433333,28.733333,26.402500,
23.600000,28.800000,26.427667,
23.633333,28.833333,26.454333,
23.900000,28.766667,26.464333,
23.866667,28.733333,26.474333,
23.700000,28.766667,26.488667,
23.633333,28.866667,26.519833,
23.866667,28.766667,26.547167,
23.666667,28.766667,26.561500,
23.666667,28.766667,26.574833,
23.666667,28.766667,26.589833,
23.566667,28.766667,26.625833,
23.666667,28.900000,26.663667,
23.600000,28.900000,26.676000,
23.666667,28.866667,26.689167,
23.800000,28.900000,26.721333,
23.700000,28.833333,26.737333,
24.033333,28.866667,26.741667,
24.000000,28.933333,26.760333,
23.966667,28.900000,26.777667,
24.066667,28.933333,26.758500,
24.033333,28.833333,26.756000,
24.233333,29.000000,26.761833,
24.300000,28.900000,26.775000,
24.166667,28.866667,26.796833,
23.966667,28.966667,26.818333,
24.100000,28.933333,26.833833,
24.200000,28.933333,26.872500,
24.400000,29.000000,26.889167,
24.466667,28.966667,26.905667,
24.333333,28.966667,26.895667,
24.433333,29.000000,26.916000,
24.400000,28.866667,26.920833,
24.633333,28.833333,26.949667,
24.700000,28.966667,26.969667,
24.500000,28.933333,26.970000,
24.600000,28.800000,26.997333,
24.500000,28.866667,27.003833,
24.466667,28.800000,27.024000,
24.366667,28.800000,27.015667,
24.266667,28.866667,27.029500,
24.533333,28.933333,27.042000,
24.700000,28.866667,27.057333,
24.800000,28.900000,27.094167,
24.666667,28.933333,27.121167,
24.533333,29.000000,27.132667,
24.766667,29.000000,27.148667,
24.866667,28.900000,27.168500,
24.833333,28.833333,27.172167,
24.733333,28.833333,27.189500,
24.766667,28.866667,27.211000,
24.933333,28.900000,27.216667,
24.600000,28.833333,27.218167,
24.733333,28.833333,27.232000,
24.666667,28.866667,27.260000,
24.800000,28.933333,27.278167,
24.833333,28.866667,27.292667,
24.733333,28.866667,27.303500,
25.066667,28.966667,27.323500,
25.133333,28.933333,27.343500,
25.066667,28.833333,27.351500,
25.000000,28.833333,27.368500,
25.033333,28.833333,27.384333,
25.233333,28.866667,27.398000,
25.200000,28.900000,27.407000,
25.033333,28.866667,27.413167,
25.066667,28.900000,27.419833,
25.133333,28.866667,27.424833,
25.200000,28.833333,27.434333,
25.066667,28.833333,27.437500,
24.966667,28.800000,27.446833,
24.933333,28.833333,27.450833,
24.900000,28.833333,27.465500,
24.833333,28.833333,27.475333,
25.033333,28.800000,27.477333,
25.133333,28.866667,27.488000,
25.133333,28.866667,27.496500,
25.200000,28.900000,27.513167,
25.233333,28.866667,27.526167,
25.466667,28.866667,27.550833,
25.133333,28.800000,27.568000,
25.200000,28.833333,27.576000,
25.433333,28.833333,27.583000,
25.466667,28.900000,27.603667,
25.433333,28.900000,27.604500,
25.333333,28.866667,27.618333,
25.333333,28.800000,27.616000,
25.433333,28.833333,27.627167,
25.600000,28.833333,27.640667,
25.566667,28.833333,27.660500,
25.733333,28.866667,27.686833,
25.566667,28.833333,27.682333,
25.700000,28.800000,27.677833,
25.666667,28.833333,27.689667,
25.766667,28.800000,27.704500,
25.733333,28.766667,27.718500,
25.666667,28.766667,27.723333,
25.733333,28.733333,27.724833,
25.666667,28.733333,27.736333,
25.700000,28.733333,27.723667,
25.833333,28.733333,27.727000,
25.700000,28.733333,27.715667,
25.566667,28.766667,27.720667,
25.833333,28.766667,27.736833,
25.566667,28.766667,27.732500,
25.400000,28.766667,27.744333,
25.366667,28.766667,27.751500,
25.200000,28.766667,27.761667,
25.333333,28.766667,27.764167,
25.433333,28.766667,27.770500,
24.933333,28.766667,27.773833,
25.166667,28.766667,27.783667,
25.233333,28.766667,27.793167,
25.700000,28.766667,27.807000,
25.500000,28.733333,27.829333,
25.833333,28.733333,27.826500,
25.600000,28.733333,27.824167,
25.833333,28.800000,27.832000,
25.833333,28.800000,27.842667,
25.666667,28.766667,27.834500,
25.600000,28.766667,27.846000,
25.833333,28.733333,27.868833,
25.866667,28.766667,27.873667,
25.966667,28.700000,27.868333,
26.000000,28.700000,27.878667,
25.900000,28.700000,27.889000,
26.000000,28.700000,27.889333,
26.133333,28.700000,27.890000,
26.100000,28.700000,27.894000,
25.966667,28.733333,27.891000,
25.966667,28.700000,27.916833,
26.000000,28.733333,27.920833,
25.866667,28.733333,27.930500,
25.733333,28.700000,27.945167,
26.033333,28.700000,27.960000,
26.133333,28.733333,27.963833,
26.100000,28.700000,27.978667,
26.033333,28.733333,27.981500,
25.900000,28.700000,27.983500,
25.966667,28.666667,27.995333,
26.166667,28.700000,28.002833,
26.066667,28.700000,28.001833,
25.866667,28.700000,27.994833,
26.166667,28.666667,27.997333,
26.300000,28.666667,28.007833,
25.900000,28.666667,28.008667,
25.933333,28.700000,28.012167,
26.066667,28.733333,28.006167,
26.066667,28.733333,28.018000,
26.133333,28.733333,28.022000,
26.100000,28.700000,28.024500,
26.033333,28.666667,28.042000,
26.033333,28.666667,28.050333,
26.100000,28.700000,28.052333,
26.066667,28.700000,28.061833,
26.233333,28.700000,28.059500,
26.166667,28.700000,28.061500,
26.233333,28.700000,28.054667,
26.266667,28.700000,28.060833,
26.000000,28.666667,28.067167,
26.233333,28.666667,28.075333,
26.366667,28.666667,28.064333,
26.500000,28.666667,28.076333,
26.600000,28.666667,28.081833,
26.333333,28.633333,28.074000,
26.433333,28.666667,28.066667,
26.266667,28.666667,28.075833,
26.400000,28.666667,28.069833,
26.700000,28.666667,28.073167,
26.466667,28.700000,28.088333,
26.633333,28.666667,28.094333,
26.700000,28.633333,28.107000,
26.666667,28.700000,28.116333,
26.700000,28.700000,28.119167,
26.733333,28.666667,28.116000,
26.800000,28.633333,28.119833,
26.833333,28.633333,28.133333,
26.666667,28.666667,28.136833,
26.600000,28.666667,28.152500,
26.700000,28.666667,28.164000,
26.566667,28.666667,28.170000,
26.433333,28.700000,28.166333,
26.700000,28.700000,28.158500,
26.533333,28.666667,28.161500,
26.666667,28.700000,28.164833,
26.600000,28.700000,28.176000,
26.466667,28.700000,28.181167,
26.500000,28.666667,28.187333,
26.466667,28.666667,28.196667,
26.633333,28.666667,28.208500,
26.633333,28.700000,28.216667,
26.600000,28.666667,28.227000,
26.500000,28.666667,28.222333,
26.600000,28.666667,28.231333,
26.566667,28.633333,28.236833,
26.700000,28.633333,28.232833,
26.200000,28.633333,28.234000,
26.566667,28.633333,28.251833,
26.400000,28.633333,28.259667,
26.800000,28.633333,28.264167,
26.500000,28.633333,28.258167,
26.266667,28.633333,28.252500,
26.600000,28.633333,28.255833,
26.600000,28.633333,28.259833,
26.533333,28.633333,28.260833,
26.633333,28.633333,28.277167,
26.700000,28.633333,28.284000,
26.566667,28.633333,28.287500,
26.966667,28.633333,28.283000,
26.866667,28.633333,28.282500,
26.833333,28.633333,28.284167,
26.733333,28.633333,28.291167,
26.633333,28.633333,28.291500,
26.866667,28.633333,28.291167,
26.800000,28.633333,28.283000,
26.866667,28.633333,28.284333,
26.700000,28.700000,28.288167,
26.766667,28.700000,28.288167,
26.433333,28.700000,28.287500,
26.766667,28.700000,28.291667,
26.900000,28.700000,28.295833,
26.866667,28.700000,28.309167,
26.666667,28.700000,28.310000,
27.000000,28.700000,28.317667,
26.866667,28.700000,28.317833,
26.933333,28.700000,28.322167,
26.800000,28.700000,28.323167,
26.866667,28.700000,28.329833,
27.000000,28.700000,28.334000,
27.066667,28.700000,28.338833,
27.133333,28.700000,28.349667,
27.033333,28.700000,28.347000,
27.166667,28.700000,28.347000,
27.100000,28.700000,28.353167,
26.766667,28.733333,28.358167,
26.833333,28.700000,28.362000,
26.766667,28.700000,28.363833,
26.566667,28.700000,28.361667,
26.633333,28.700000,28.359333,
26.800000,28.733333,28.360833,
26.766667,28.733333,28.366833,
26.766667,28.700000,28.370500,
26.733333,28.700000,28.370000,
26.500000,28.700000,28.369167,
26.933333,28.700000,28.368667,
26.966667,28.700000,28.376167,
27.000000,28.700000,28.385167,
26.900000,28.700000,28.389833,
27.033333,28.700000,28.393667,
27.000000,28.700000,28.396167,
27.066667,28.700000,28.392000,
27.266667,28.700000,28.398500,
27.000000,28.700000,28.392500,
27.166667,28.700000,28.393500,
27.233333,28.700000,28.391000,
27.133333,28.700000,28.388167,
27.066667,28.700000,28.385167,
26.966667,28.700000,28.384333,
26.933333,28.700000,28.386833,
26.900000,28.700000,28.388167,
26.866667,28.700000,28.385667,
26.833333,28.700000,28.389000,
27.233333,28.700000,28.390167,
27.000000,28.700000,28.389000,
27.166667,28.700000,28.393833,
27.000000,28.700000,28.394333,
27.133333,28.700000,28.397500,
27.133333,28.700000,28.389333,
27.000000,28.700000,28.390500,
26.700000,28.700000,28.392500,
26.866667,28.700000,28.398167,
26.966667,28.700000,28.393333,
26.966667,28.700000,28.393833,
26.966667,28.700000,28.404000,
27.233333,28.700000,28.407667,
26.933333,28.700000,28.410500,
27.100000,28.733333,28.408667,
27.366667,28.700000,28.407500,
27.266667,28.666667,28.403500,
26.800000,28.666667,28.406167,
26.733333,28.666667,28.405333,
27.033333,28.666667,28.404833,
27.166667,28.666667,28.415167,
27.066667,28.666667,28.407833,
27.200000,28.666667,28.410667,
27.100000,28.700000,28.416333,
27.300000,28.700000,28.423667,
27.400000,28.700000,28.424833,
27.500000,28.666667,28.424667,
27.533333,28.666667,28.425167,
27.500000,28.666667,28.428833,
27.500000,28.700000,28.431833,
27.600000,28.700000,28.435333,
27.633333,28.700000,28.436333,
27.533333,28.733333,28.433667,
27.366667,28.733333,28.431000,
27.033333,28.700000,28.430333,
27.166667,28.733333,28.433333,
27.166667,28.733333,28.431333,
27.066667,28.733333,28.426833,
27.166667,28.700000,28.427333,
26.933333,28.733333,28.431667,
27.266667,28.733333,28.437000,
27.800000,28.700000,28.439000,
27.666667,28.700000,28.442667,
27.566667,28.733333,28.438333,
27.566667,28.733333,28.441833,
27.333333,28.700000,28.438333,
27.333333,28.700000,28.434833,
27.533333,28.700000,28.442167,
27.166667,28.700000,28.445333,
27.133333,28.700000,28.445333,
27.300000,28.733333,28.450167,
27.266667,28.700000,28.452333,
27.433333,28.733333,28.455667,
27.366667,28.733333,28.460333,
27.466667,28.700000,28.459500,
27.133333,28.700000,28.453167,
26.966667,28.666667,28.452500,
26.966667,28.700000,28.453000,
27.000000,28.666667,28.449500,
26.933333,28.666667,28.448000,
26.900000,28.666667,28.445500,
27.200000,28.666667,28.454000,
27.266667,28.666667,28.456833,
27.333333,28.666667,28.458667,
27.400000,28.666667,28.459167,
27.400000,28.700000,28.454500,
27.233333,28.700000,28.454167,
27.000000,28.666667,28.455833,
26.833333,28.666667,28.459833,
26.966667,28.700000,28.459833,
27.100000,28.666667,28.464167,
27.000000,28.666667,28.463000,
26.833333,28.700000,28.463167,
27.133333,28.700000,28.469667,
27.100000,28.733333,28.475833,
27.300000,28.733333,28.474167,
26.900000,28.733333,28.471833,
27.166667,28.733333,28.477333,
27.266667,28.700000,28.480833,
27.200000,28.666667,28.478333,
27.366667,28.666667,28.475000,
27.366667,28.666667,28.484000,
27.133333,28.666667,28.482000,
27.100000,28.666667,28.477167,
27.500000,28.666667,28.487000,
27.033333,28.666667,28.484333,
26.866667,28.633333,28.476667,
26.966667,28.666667,28.474333,
27.000000,28.666667,28.471667,
27.000000,28.666667,28.477500,
27.366667,28.666667,28.483167,
27.733333,28.666667,28.487167,
27.533333,28.666667,28.485333,
27.466667,28.666667,28.490500,
27.400000,28.633333,28.490000,
27.500000,28.666667,28.491500,
27.466667,28.700000,28.496500,
27.133333,28.666667,28.495667,
27.533333,28.666667,28.497833,
27.466667,28.666667,28.496333,
27.400000,28.666667,28.494833,
27.433333,28.666667,28.495167,
27.366667,28.666667,28.493000,
27.200000,28.666667,28.498333,
27.133333,28.666667,28.498000,
27.433333,28.666667,28.502667,
27.600000,28.666667,28.508333,
27.666667,28.700000,28.511333,
27.766667,28.700000,28.508000,
27.800000,28.700000,28.511000,
27.800000,28.700000,28.508500,
27.633333,28.700000,28.510167,
27.700000,28.700000,28.508333,
27.866667,28.666667,28.510000,
27.933333,28.633333,28.510000,
27.900000,28.633333,28.513333,
27.400000,28.633333,28.513333,
27.433333,28.633333,28.514667,
26.966667,28.666667,28.509167,
26.933333,28.633333,28.509667,
27.033333,28.633333,28.510833,
26.800000,28.633333,28.508000,
26.966667,28.633333,28.509667,
27.166667,28.633333,28.512167,
27.200000,28.633333,28.513833,
27.500000,28.666667,28.516667,
27.333333,28.700000,28.519833,
27.533333,28.700000,28.524000,
27.400000,28.700000,28.522667,
27.200000,28.700000,28.513833,
27.333333,28.700000,28.516500,
27.233333,28.700000,28.514500,
27.066667,28.700000,28.509667,
27.000000,28.700000,28.513167,
27.333333,28.700000,28.513833,
27.233333,28.700000,28.515333,
27.033333,28.700000,28.512000,
27.033333,28.700000,28.514833,
27.033333,28.700000,28.515167,
27.300000,28.700000,28.512667,
27.366667,28.733333,28.520167,
27.366667,28.733333,28.516833,
27.366667,28.733333,28.520333,
27.233333,28.733333,28.521167,
