639.456376,4117673.603436,2155959.662625,
1000.000000,4180606.126679,2717106.900855,
1000.000000,4210350.660962,3014806.096798,
1000.000000,4224912.407521,3209665.274399,
1000.000000,4225570.247528,3355169.197702,
1000.000000,4232329.633551,3454733.630192,
1000.000000,4233547.982283,3532835.775828,
1000.000000,4233747.890743,3589679.501141,
1000.000000,4238602.602848,3646981.949017,
1000.000000,4241724.070261,3683996.812286,
1000.000000,4247190.492647,3717314.608127,
1000.000000,4260136.873458,3749592.056390,
1000.000000,4252232.429563,3772595.833522,
1000.000000,4257763.336683,3797464.672406,
1000.000000,4257652.429829,3818557.300734,
1000.000000,4264983.360371,3838096.590499,
1000.000000,4265583.179607,3852667.110334,
1000.000000,4264799.981255,3865589.148764,
1000.000000,4266667.586977,3883004.545280,
1000.000000,4268003.885459,3892193.957431,
1000.000000,4267402.191656,3904558.294902,
1000.000000,4265811.604706,3915438.718805,
1000.000000,4273120.266213,3929935.420335,
1000.000000,4274244.577883,3939081.212442,
1000.000000,4276952.300647,3948857.649427,
1000.000000,4273658.947699,3959189.771052,
1000.000000,4274407.162286,3966442.768207,
1000.000000,4274259.580787,3970320.164419,
1000.000000,4273366.111056,3979709.423703,
1000.000000,4272183.780641,3990537.928864,
1000.000000,4273914.990185,3997808.319520,
1000.000000,4273728.699962,4005523.208341,
1000.000000,4273441.885746,4009268.233062,
1000.000000,4278437.107596,4014636.501770,
1000.000000,4280371.859333,4018696.559171,
1000.000000,4274981.638510,4020976.410617,
1000.000000,4275506.176321,4025531.411343,
1000.000000,4275174.338481,4030447.775378,
1000.000000,4277511.071689,4033938.373815,
1000.000000,4275018.232111,4040288.511955,
1000.000000,4280776.472573,4046115.620867,
1000.000000,4278053.845786,4048362.855168,
1000.000000,4279436.575786,4052391.567282,
1000.000000,4284288.879870,4059556.743514,
1000.000000,4284175.584903,4064320.898230,
1000.000000,4282205.490738,4067024.492985,
1000.000000,4282318.455157,4069521.124803,
1000.000000,4286733.122530,4071871.900003,
1000.000000,4286334.474256,4077041.871625,
1000.000000,4283841.847019,4080696.564032,
1000.000000,4287192.752790,4085353.679761,
1000.000000,4285072.388651,4087622.535636,
1000.000000,4285154.438601,4087645.451700,
1000.000000,4286835.470693,4092418.814472,
1000.000000,4284990.921966,4093215.702377,
1000.000000,4285036.724313,4094653.320737,
1000.000000,4283219.651946,4095966.319437,
1000.000000,4284884.928698,4099427.507493,
1000.000000,4284694.457729,4102971.611605,
1000.000000,4282865.123701,4104101.024344,
1000.000000,4282106.961439,4106278.410031,
1000.000000,4282531.494231,4107367.869172,
1000.000000,4282682.107999,4110860.222740,
1000.000000,4280165.518938,4111041.388296,
1000.000000,4281844.020048,4112826.611543,
1000.000000,4281766.146092,4114645.264892,
1000.000000,4279076.569781,4116963.122210,
1000.000000,4278344.416146,4121465.578797,
1000.000000,4280258.978379,4123300.904989,
1000.000000,4281500.516865,4124277.384318,
1000.000000,4278455.245396,4126157.891454,
1000.000000,4278813.449023,4126355.198458,
1000.000000,4279466.210833,4127599.725064,
1000.000000,4279307.854728,4128620.625424,
1000.000000,4275618.699492,4131033.357831,
1000.000000,4278960.559876,4134964.712769,
1000.000000,4281835.104764,4137310.619283,
1000.000000,4281778.375372,4141071.113732,
1000.000000,4279865.362673,4142890.005451,
1000.000000,4279265.026856,4143759.585227,
1000.000000,4279051.393141,4145710.625653,
1000.000000,4278405.471918,4148242.205895,
1000.000000,4279097.780745,4148529.087609,
1000.000000,4279804.994537,4149846.618311,
1000.000000,4280930.703339,4151256.240586,
1000.000000,4282758.206666,4151533.609017,
1000.000000,4282226.832362,4153077.287120,
1000.000000,4281721.034711,4153595.124224,
1000.000000,4278057.436701,4154372.952664,
1000.000000,4282901.605146,4154670.682968,
1000.000000,4284073.325194,4156629.295083,
1000.000000,4285446.951794,4157508.616378,
1000.000000,4282596.611598,4157543.274431,
1000.000000,4281856.669140,4158897.307309,
1000.000000,4278684.881485,4159907.221352,
1000.000000,4281193.728243,4160133.464528,
1000.000000,4281201.744518,4160097.815585,
1000.000000,4280437.160096,4163716.607527,
1000.000000,4281659.691025,4165605.974028,
1000.000000,4279791.315155,4167680.113680,
1000.000000,4280532.409173,4169495.206055,
1000.000000,4281764.564020,4172644.761340,
1000.000000,4283285.987081,4172989.627560,
1000.000000,4282582.668094,4174930.942220,
1000.000000,4281900.142592,4178399.032130,
1000.000000,4282944.681635,4178925.511263,
1000.000000,4281694.475769,4179928.904267,
1000.000000,4279993.649992,4181521.245276,
1000.000000,4276662.223709,4183756.632811,
1000.000000,4277879.610825,4184012.374455,
1000.000000,4277508.574207,4184859.400756,
1000.000000,4275883.585218,4185787.156547,
1000.000000,4276497.757516,4186793.966954,
1000.000000,4278186.435475,4187928.322790,
1000.000000,4280509.422673,4190044.964363,
1000.000000,4280662.044721,4192149.322708,
1000.000000,4279516.198118,4193250.382692,
1000.000000,4277640.484994,4194188.607256,
1000.000000,4278667.577210,4194376.954642,
1000.000000,4278952.280328,4195166.404268,
1000.000000,4278814.850367,4195577.448180,
1000.000000,4277449.643824,4197276.090433,
1000.000000,4278232.973620,4198574.193990,
1000.000000,4277936.322958,4199755.138567,
1000.000000,4276880.327955,4199565.963135,
1000.000000,4276593.216906,4200182.517673,
1000.000000,4276384.328444,4202166.966972,
1000.000000,4278375.565103,4202952.785719,
1000.000000,4277753.864101,4204026.584022,
1000.000000,4278882.784810,4204966.092608,
1000.000000,4279329.157780,4206599.394374,
1000.000000,4278129.079747,4207271.586600,
1000.000000,4277778.771230,4208236.442928,
1000.000000,4277572.755656,4209221.187774,
1000.000000,4279388.887296,4209195.643464,
1000.000000,4277766.739650,4209058.945301,
1000.000000,4275753.688406,4209207.363563,
1000.000000,4275153.201386,4209338.666553,
1000.000000,4274971.788652,4209570.824529,
1000.000000,4274579.476696,4210803.922523,
1000.000000,4272067.806497,4211837.732865,
1000.000000,4272214.778237,4213284.891604,
1000.000000,4270317.139355,4213261.920770,
1000.000000,4270277.043327,4213837.347874,
1000.000000,4270179.692420,4215004.242523,
1000.000000,4269463.746382,4215593.951141,
1000.000000,4270785.395708,4215219.378298,
1000.000000,4271712.072394,4216328.369594,
1000.000000,4271487.166894,4216498.183298,
1000.000000,4270411.861088,4215844.034859,
1000.000000,4273035.598035,4215771.841609,
1000.000000,4270081.527639,4216064.841544,
1000.000000,4270805.097066,4215379.451262,
1000.000000,4270008.350024,4216249.278951,
1000.000000,4270669.797307,4215776.574124,
1000.000000,4270749.972105,4216951.944222,
1000.000000,4269557.390815,4217908.424423,
1000.000000,4269403.254055,4218487.971708,
1000.000000,4270304.399596,4218327.027392,
1000.000000,4269428.136950,4218815.513910,
1000.000000,4269418.433325,4219610.396323,
1000.000000,4268961.042896,4220102.816231,
1000.000000,4269495.888984,4220062.843427,
1000.000000,4270366.850237,4220533.197262,
1000.000000,4269399.367031,4220558.035330,
1000.000000,4269619.524419,4220011.615631,
1000.000000,4269439.595891,4219751.282073,
1000.000000,4269009.262628,4219858.552964,
1000.000000,4268945.677792,4219084.578172,
1000.000000,4269697.227468,4218484.433327,
1000.000000,4268167.591640,4219082.026135,
1000.000000,4267795.870190,4218784.897110,
1000.000000,4266914.712031,4219527.527205,
1000.000000,4266506.767457,4219125.796053,
1000.000000,4267592.345277,4220216.961713,
1000.000000,4267592.085690,4220042.485541,
1000.000000,4267360.853359,4219446.504498,
1000.000000,4267543.309462,4219701.731492,
1000.000000,4267110.039815,4219754.665375,
1000.000000,4266807.422826,4220629.104051,
1000.000000,4267547.084521,4220617.324401,
1000.000000,4268278.958518,4220935.499781,
1000.000000,4267819.069768,4220335.078457,
1000.000000,4267801.392238,4220161.915989,
1000.000000,4267368.522721,4220690.098660,
1000.000000,4267175.418137,4220910.563857,
1000.000000,4266881.832768,4220865.463444,
1000.000000,4266353.180567,4220903.553097,
1000.000000,4266894.095992,4220898.082567,
1000.000000,4266687.767635,4221472.611977,
1000.000000,4266353.379902,4221832.191005,
1000.000000,4266278.246481,4221898.538181,
1000.000000,4266597.142690,4222389.617599,
1000.000000,4266110.218127,4223217.636880,
1000.000000,4265948.560087,4224240.552072,
1000.000000,4265467.174408,4223033.805462,
1000.000000,4265442.921435,4223476.332782,
1000.000000,4265160.085356,4224060.534231,
1000.000000,4265779.720899,4224309.898393,
1000.000000,4265882.851168,4224989.803492,
1000.000000,4265818.235056,4224904.199088,
1000.000000,4265096.490186,4225657.519819,
1000.000000,4265859.793194,4226116.385228,
1000.000000,4265726.186322,4226302.076878,
1000.000000,4265370.445968,4226532.302625,
1000.000000,4265289.366309,4226472.340212,
1000.000000,4265426.575564,4227350.909122,
1000.000000,4264124.878030,4226175.692442,
1000.000000,4265662.950761,4227123.292460,
1000.000000,4265385.625532,4226853.474975,
1000.000000,4264179.057994,4228094.037381,
1000.000000,4263797.281802,4227878.299788,
1000.000000,4263446.202394,4227956.600920,
1000.000000,4263503.784556,4227717.492773,
1000.000000,4263653.812955,4228101.322612,
1000.000000,4263861.034482,4228286.016684,
1000.000000,4263803.426456,4228584.328057,
1000.000000,4263460.635578,4228115.269557,
1000.000000,4263901.012440,4228039.922356,
1000.000000,4263789.471813,4228143.779103,
1000.000000,4263822.066051,4228571.951430,
1000.000000,4263654.260491,4228517.498818,
1000.000000,4263935.903254,4228645.330452,
1000.000000,4263529.982451,4228841.681439,
1000.000000,4264166.130818,4229566.169244,
1000.000000,4263532.798626,4229531.416524,
1000.000000,4263890.370278,4229571.065951,
1000.000000,4263997.645934,4229478.610691,
1000.000000,4263649.201788,4229727.490204,
1000.000000,4263551.261526,4229584.998688,
1000.000000,4263270.004296,4229483.924860,
1000.000000,4263328.387961,4229986.770045,
1000.000000,4263318.975180,4229611.834392,
1000.000000,4263617.048821,4229931.599555,
1000.000000,4263368.534409,4230244.339702,
1000.000000,4263085.230794,4230278.537073,
1000.000000,4263209.227235,4230622.103139,
1000.000000,4263399.983632,4230232.276182,
1000.000000,4263406.598461,4229953.060131,
1000.000000,4263184.725473,4230675.421348,
1000.000000,4263061.112886,4231427.282227,
1000.000000,4263275.458161,4231896.355474,
1000.000000,4262025.399045,4231789.838699,
1000.000000,4262003.402050,4232012.961336,
1000.000000,4261917.739781,4231908.438939,
1000.000000,4261320.404848,4231934.736434,
1000.000000,4261273.196677,4230859.438147,
1000.000000,4262548.156640,4231970.267736,
1000.000000,4262900.972718,4231919.251103,
1000.000000,4262554.866399,4231981.381547,
1000.000000,4262381.021496,4232233.721807,
1000.000000,4262391.666623,4232811.298155,
1000.000000,4262553.475705,4233194.757620,
1000.000000,4262319.290539,4233793.577063,
1000.000000,4262519.547042,4233953.583528,
1000.000000,4262137.940242,4234260.133209,
1000.000000,4262590.062584,4234245.895393,
1000.000000,4262758.955238,4234200.785634,
1000.000000,4262997.347761,4234120.900617,
1000.000000,4263289.357248,4234001.022595,
1000.000000,4263220.929845,4234360.670921,
1000.000000,4262607.944512,4234143.132192,
1000.000000,4262907.760226,4234096.228238,
1000.000000,4262796.522884,4234436.292291,
1000.000000,4262524.811131,4234683.534097,
1000.000000,4262442.958629,4234988.824969,
1000.000000,4262154.045821,4234882.726069,
1000.000000,4262178.537367,4234403.787613,
1000.000000,4262541.343155,4234623.279450,
1000.000000,4263117.241327,4234380.471425,
1000.000000,4262883.862723,4234812.562324,
1000.000000,4262807.933634,4234819.913422,
1000.000000,4262894.310310,4234658.663162,
1000.000000,4262552.521480,4234844.023970,
1000.000000,4262674.384826,4234939.277938,
1000.000000,4262249.704888,4235358.286375,
1000.000000,4262127.475255,4234973.324747,
1000.000000,4262070.923440,4235120.258767,
1000.000000,4262130.466668,4235465.276916,
1000.000000,4262008.337392,4235477.217861,
1000.000000,4261920.763906,4235613.768452,
1000.000000,4262222.725438,4234952.621201,
1000.000000,4261974.909596,4235965.455852,
1000.000000,4262124.915556,4235647.355473,
1000.000000,4261928.463130,4235620.063732,
1000.000000,4262193.415547,4236140.191787,
1000.000000,4261834.204991,4236293.288438,
1000.000000,4261408.130728,4236093.105822,
1000.000000,4261806.939759,4235671.163144,
1000.000000,4261813.464451,4236009.533958,
1000.000000,4259261.355723,4236518.265457,
1000.000000,4259328.981742,4236639.710556,
1000.000000,4259363.046424,4236453.499673,
1000.000000,4260017.510156,4236231.553798,
1000.000000,4259343.910521,4236254.007598,
1000.000000,4259281.230837,4235997.815037,
1000.000000,4259213.983748,4236357.870970,
1000.000000,4260190.013172,4236752.447675,
1000.000000,4259963.067285,4237025.686234,
1000.000000,4259830.280692,4237035.605726,
1000.000000,4259257.074082,4236921.096511,
1000.000000,4259274.555787,4236893.676700,
1000.000000,4258253.803261,4236857.982925,
1000.000000,4258271.756963,4237303.668930,
1000.000000,4258311.271852,4237409.439128,
1000.000000,4258037.048052,4237659.460834,
1000.000000,4258318.784299,4237648.005452,
1000.000000,4257786.721048,4238015.307043,
1000.000000,4257772.051257,4237948.119518,
1000.000000,4257825.081797,4238007.121752,
1000.000000,4257601.753387,4237916.838971,
1000.000000,4258023.564965,4238211.657866,
1000.000000,4258128.867988,4238419.354770,
1000.000000,4257994.376637,4238464.306614,
1000.000000,4257997.165784,4238633.534023,
1000.000000,4257986.410173,4238493.129237,
1000.000000,4258018.507441,4238588.721372,
1000.000000,4258004.993464,4238638.756509,
1000.000000,4257950.553769,4238568.431967,
1000.000000,4257929.745590,4238994.194383,
1000.000000,4258006.896161,4239218.798558,
1000.000000,4258088.452342,4239462.892156,
1000.000000,4258041.559946,4239181.299372,
1000.000000,4258093.537043,4239354.908119,
1000.000000,4258099.029977,4239534.721037,
1000.000000,4258072.887814,4239618.802421,
1000.000000,4258158.265583,4239935.363374,
1000.000000,4258111.984119,4239897.247725,
1000.000000,4258037.047547,4239705.960149,
1000.000000,4258088.608065,4239655.215589,
1000.000000,4258193.141625,4240132.678552,
1000.000000,4258091.438146,4239996.461881,
1000.000000,4257897.364031,4240158.057189,
1000.000000,4257921.805169,4240082.014339,
1000.000000,4257849.488630,4239470.719117,
1000.000000,4257581.340405,4239461.489699,
1000.000000,4257569.123394,4239612.753045,
1000.000000,4257492.022554,4239533.207431,
1000.000000,4257551.970985,4239824.670159,
1000.000000,4257500.168382,4239860.674031,
1000.000000,4257522.260246,4239834.104809,
1000.000000,4257574.406797,4240064.929372,
1000.000000,4257402.216434,4240139.407108,
1000.000000,4257324.939750,4240093.747167,
1000.000000,4257268.449867,4240073.828038,
1000.000000,4257346.929536,4239974.227381,
1000.000000,4257351.076530,4239930.499821,
1000.000000,4257367.946094,4240203.207834,
1000.000000,4257440.470558,4239259.514186,
1000.000000,4257225.854980,4240179.390218,
1000.000000,4257232.678818,4240037.621138,
1000.000000,4257301.676215,4240215.179434,
1000.000000,4257250.082708,4240182.919862,
1000.000000,4257271.372280,4240396.249296,
1000.000000,4257081.430021,4240793.240762,
1000.000000,4257035.176713,4240795.650915,
1000.000000,4257157.355578,4239792.862102,
1000.000000,4257172.367305,4240499.300016,
1000.000000,4257199.853891,4240493.245830,
1000.000000,4257076.381301,4240769.408484,
1000.000000,4256976.391232,4240964.632969,
1000.000000,4257147.575707,4241152.358214,
1000.000000,4257146.442728,4241177.437591,
1000.000000,4257064.293241,4241145.132223,
1000.000000,4257083.417800,4241048.872397,
1000.000000,4256963.193625,4241033.591934,
1000.000000,4256885.311338,4241104.767467,
1000.000000,4256944.883375,4241054.626664,
1000.000000,4256871.739862,4241309.780228,
1000.000000,4256972.894183,4241250.418271,
1000.000000,4256825.380988,4241691.891979,
1000.000000,4256940.575582,4241453.518863,
1000.000000,4256980.346978,4241687.888052,
1000.000000,4257170.274909,4241689.892122,
1000.000000,4257084.664173,4241615.610650,
1000.000000,4257014.013626,4241466.022648,
1000.000000,4256940.264947,4241455.129006,
1000.000000,4257398.186907,4241597.452427,
1000.000000,4257320.960785,4241768.373258,
1000.000000,4257337.547071,4242051.019446,
1000.000000,4256960.181283,4242389.046707,
1000.000000,4256622.710611,4242223.622866,
1000.000000,4256656.765245,4242020.549119,
1000.000000,4256647.653966,4242109.713458,
1000.000000,4256733.753178,4242141.319235,
1000.000000,4256836.209073,4242043.541845,
1000.000000,4256695.731522,4242124.026827,
1000.000000,4256294.602097,4242012.661193,
1000.000000,4256397.046215,4242190.290480,
1000.000000,4256431.707401,4242135.689512,
1000.000000,4256402.265027,4241991.002637,
1000.000000,4256443.317485,4242021.517376,
1000.000000,4256333.148219,4242181.661071,
1000.000000,4256493.266114,4241968.486625,
1000.000000,4256487.736775,4241949.904629,
1000.000000,4256487.245781,4242220.646024,
1000.000000,4256408.197851,4242280.505713,
1000.000000,4256465.627982,4242451.052400,
1000.000000,4256449.065458,4242398.177290,
1000.000000,4256449.556451,4242540.474647,
1000.000000,4256797.340361,4242126.717353,
1000.000000,4256753.406699,4241355.319810,
1000.000000,4256896.386847,4241948.274866,
1000.000000,4256509.827857,4241939.831555,
1000.000000,4256391.268312,4241867.312555,
1000.000000,4256509.827857,4241996.903281,
1000.000000,4256463.424496,4242218.827918,
1000.000000,4256078.236693,4242070.031040,
1000.000000,4256213.747706,4242464.616799,
1000.000000,4256068.835828,4242423.604087,
1000.000000,4256057.841167,4242349.474215,
1000.000000,4256124.332514,4242081.840855,
1000.000000,4255786.102824,4241818.091555,
1000.000000,4256477.895840,4242439.725557,
1000.000000,4255797.097485,4242564.952263,
1000.000000,4255825.463370,4242464.544454,
1000.000000,4255742.966318,4242529.932804,
1000.000000,4255464.703472,4243068.461939,
1000.000000,4256921.151174,4242832.206937,
1000.000000,4256781.840152,4243067.464825,
1000.000000,4257134.702976,4243296.071758,
1000.000000,4256659.921828,4243142.901063,
1000.000000,4255313.179953,4243030.044541,
1000.000000,4255303.388103,4242979.057011,
1000.000000,4255382.078924,4242941.286744,
1000.000000,4255337.296125,4242692.829353,
1000.000000,4255426.799943,4242546.392484,
1000.000000,4255342.579782,4242440.130638,
1000.000000,4255326.184471,4242368.989104,
1000.000000,4255336.626282,4242325.481116,
1000.000000,4255244.817607,4242572.476494,
1000.000000,4255245.271075,4242513.496075,
1000.000000,4255243.888730,4242668.845366,
1000.000000,4256269.369177,4242515.579544,
1000.000000,4256436.525136,4242583.114336,
1000.000000,4256251.807425,4242325.784501,
1000.000000,4255031.573568,4242093.753052,
1000.000000,4255170.696352,4241951.621817,
1000.000000,4255093.659578,4241804.999819,
1000.000000,4255173.060026,4242067.901816,
1000.000000,4255172.310804,4242093.933841,
1000.000000,4255172.310804,4241915.930963,
1000.000000,4255016.301572,4242008.229922,
1000.000000,4255016.301572,4241813.242337,
1000.000000,4255016.301572,4241717.546908,
1000.000000,4254994.579481,4241350.049319,
1000.000000,4255091.528011,4242055.207696,
1000.000000,4254904.843994,4241077.606056,
1000.000000,4255049.149255,4241891.206355,
1000.000000,4255003.432123,4241698.207666,
1000.000000,4254882.807859,4241510.158556,
1000.000000,4254883.877731,4241646.743208,
1000.000000,4254713.391757,4241506.168753,
1000.000000,4254658.017250,4241713.276125,
1000.000000,4254461.534276,4241836.007962,
1000.000000,4254459.855540,4241876.869706,
1000.000000,4254470.853258,4241725.293185,
1000.000000,4254470.853258,4241566.272003,
1000.000000,4254459.855540,4241552.939107,
1000.000000,4254459.855540,4241512.453265,
1000.000000,4254290.748275,4241483.964645,
1000.000000,4254255.725006,4241357.390864,
1000.000000,4254336.053709,4241268.190550,
1000.000000,4254358.036784,4241330.777755,
1000.000000,4254509.201335,4241375.530129,
1000.000000,4254592.713541,4241401.258349,
1000.000000,4254592.713541,4241322.727360,
1000.000000,4254514.765648,4241367.079266,
1000.000000,4254475.140208,4241796.701033,
1000.000000,4254475.140208,4241961.079930,
1000.000000,4254015.492002,4241903.581842,
1000.000000,4253893.626109,4242051.709689,
1000.000000,4253890.886029,4242277.793898,
1000.000000,4253923.869326,4242080.274609,
1000.000000,4253890.886029,4242328.861691,
1000.000000,4253893.626109,4242338.863870,
1000.000000,4253932.167920,4242416.518071,
1000.000000,4253943.165638,4242240.920055,
1000.000000,4253982.644806,4242288.044073,
1000.000000,4253984.024275,4242169.749743,
1000.000000,4253984.024275,4242148.780223,
1000.000000,4253982.644806,4240868.167043,
1000.000000,4253982.644806,4241933.783006,
1000.000000,4254026.489721,4241595.972238,
1000.000000,4253851.151020,4241651.377694,
1000.000000,4253751.146966,4241664.648308,
1000.000000,4253673.576332,4241419.379256,
1000.000000,4253752.526436,4241374.139124,
1000.000000,4253752.526436,4240755.094658,
1000.000000,4253751.144118,4241266.361815,
1000.000000,4253751.144118,4241384.030080,
1000.000000,4253830.547414,4241276.106963,
1000.000000,4253819.549695,4241218.091827,
1000.000000,4253819.549695,4241310.136788,
1000.000000,4253830.547414,4241351.313257,
1000.000000,4253830.547414,4241563.573782,
1000.000000,4253831.924622,4241504.695392,
1000.000000,4253830.547414,4241756.951806,
1000.000000,4254143.295614,4241838.408282,
1000.000000,4254182.712553,4241847.991598,
