0	-9.666667	21.133333	8.585000	
1	-4.900000	22.566667	11.244667	
2	-1.066667	23.533333	12.992000	
3	0.833333	24.100000	14.345333	
4	2.200000	24.400000	15.433167	
5	4.366667	24.766667	16.336833	
6	4.866667	25.033333	17.018333	
7	6.200000	25.300000	17.751167	
8	6.633333	25.700000	18.321000	
9	7.933333	26.000000	18.879833	
10	8.333333	26.200000	19.368667	
11	8.866667	26.166667	19.821167	
12	10.166667	26.266667	20.231500	
13	11.000000	26.466667	20.597333	
14	11.600000	26.500000	20.902000	
15	12.600000	26.733333	21.234667	
16	13.300000	26.800000	21.550667	
17	13.400000	26.900000	21.771333	
18	13.900000	26.866667	21.992667	
19	14.666667	26.866667	22.192167	
20	14.600000	27.066667	22.379333	
21	15.266667	27.033333	22.559167	
22	15.900000	27.233333	22.733000	
23	16.033333	27.266667	22.892333	
24	16.233333	27.100000	23.059000	
25	16.733333	27.200000	23.165000	
26	16.800000	27.333333	23.329167	
27	17.133333	27.533333	23.485500	
28	17.533333	27.566667	23.657500	
29	17.900000	27.366667	23.781833	
30	18.033333	27.566667	23.915333	
31	18.333333	27.666667	23.992667	
32	18.433333	27.600000	24.074500	
33	18.533333	27.533333	24.186000	
34	18.700000	27.833333	24.247333	
35	18.800000	27.866667	24.359167	
36	19.433333	27.866667	24.443000	
37	19.433333	28.100000	24.563000	
38	19.566667	28.033333	24.645000	
39	19.866667	27.966667	24.713333	
40	20.200000	27.933333	24.788667	
41	20.266667	27.966667	24.846667	
42	20.366667	27.833333	24.908000	
43	20.600000	28.033333	24.967833	
44	20.566667	28.033333	25.024000	
45	20.800000	28.200000	25.084833	
46	20.900000	28.133333	25.147167	
47	20.866667	28.166667	25.223833	
48	21.033333	28.200000	25.261333	
49	20.933333	28.266667	25.284167	
50	21.200000	28.266667	25.346000	
51	21.400000	28.366667	25.428167	
52	21.600000	28.300000	25.464667	
53	21.566667	28.300000	25.509500	
54	21.766667	28.366667	25.553167	
55	21.866667	28.266667	25.619667	
56	21.966667	28.400000	25.645500	
57	22.033333	28.433333	25.661500	
58	22.233333	28.433333	25.696833	
59	22.300000	28.366667	25.723833	
60	22.333333	28.333333	25.773000	
61	22.600000	28.333333	25.806000	
62	22.633333	28.333333	25.813333	
63	22.600000	28.333333	25.856000	
64	22.666667	28.300000	25.876333	
65	22.866667	28.366667	25.897500	
66	22.933333	28.333333	25.917500	
67	23.000000	28.466667	25.964000	
68	23.033333	28.466667	25.976167	
69	22.966667	28.433333	25.981167	
70	22.866667	28.400000	25.985000	
71	23.066667	28.466667	26.020667	
72	23.066667	28.333333	26.046333	
73	23.233333	28.366667	26.079167	
74	23.266667	28.433333	26.094833	
75	23.233333	28.433333	26.106333	
76	23.466667	28.433333	26.145000	
77	23.400000	28.466667	26.184000	
78	23.400000	28.500000	26.207000	
79	23.333333	28.600000	26.222167	
80	23.333333	28.466667	26.220667	
81	23.500000	28.600000	26.276833	
82	23.433333	28.500000	26.322500	
83	23.633333	28.666667	26.344333	
84	23.466667	28.533333	26.368500	
85	23.666667	28.666667	26.398667	
86	23.633333	28.633333	26.424000	
87	23.733333	28.666667	26.444833	
88	23.866667	28.700000	26.442833	
89	24.066667	28.666667	26.460167	
90	24.000000	28.733333	26.467833	
91	24.033333	28.766667	26.481333	
92	23.966667	28.833333	26.471167	
93	23.933333	28.733333	26.489333	
94	23.966667	28.800000	26.512333	
95	23.933333	28.633333	26.532833	
96	23.866667	28.700000	26.536500	
97	23.833333	28.766667	26.544500	
98	24.000000	28.700000	26.566500	
99	24.100000	28.600000	26.583167	
100	24.100000	28.633333	26.605500	
101	24.266667	28.766667	26.611667	
102	24.033333	28.666667	26.638833	
103	24.166667	28.700000	26.669500	
104	24.200000	28.833333	26.683333	
105	24.233333	28.733333	26.717167	
106	24.333333	28.766667	26.739167	
107	24.366667	28.800000	26.751333	
108	24.366667	28.700000	26.777167	
109	24.433333	28.700000	26.793167	
110	24.366667	28.766667	26.793167	
111	24.400000	28.866667	26.829000	
112	24.566667	28.866667	26.867167	
113	24.500000	28.866667	26.885500	
114	24.600000	28.933333	26.895333	
115	24.633333	28.866667	26.916333	
116	24.700000	28.900000	26.944167	
117	24.800000	28.900000	26.986833	
118	24.866667	28.800000	26.992500	
119	24.866667	28.866667	27.008000	
120	25.000000	28.833333	27.021000	
121	25.066667	28.800000	27.028667	
122	24.966667	28.833333	27.039000	
123	25.033333	28.900000	27.059000	
124	25.033333	28.900000	27.079333	
125	25.000000	29.000000	27.086500	
126	25.166667	29.000000	27.104167	
127	25.066667	28.866667	27.121333	
128	25.033333	28.833333	27.141667	
129	25.100000	28.900000	27.142667	
130	25.233333	28.933333	27.145500	
131	25.233333	28.933333	27.156667	
132	25.133333	28.866667	27.164000	
133	25.166667	28.866667	27.187333	
134	25.333333	28.833333	27.193500	
135	25.366667	28.900000	27.209667	
136	25.200000	28.933333	27.207167	
137	25.233333	29.000000	27.218833	
138	25.433333	28.933333	27.235500	
139	25.366667	28.966667	27.264833	
140	25.466667	29.033333	27.287000	
141	25.433333	29.033333	27.303500	
142	25.566667	29.033333	27.302667	
143	25.600000	29.000000	27.331000	
144	25.500000	28.966667	27.370333	
145	25.533333	28.933333	27.386667	
146	25.700000	28.933333	27.425000	
147	25.800000	28.966667	27.448667	
148	25.700000	28.933333	27.471500	
149	25.700000	29.000000	27.486167	
150	25.566667	29.033333	27.478167	
151	25.600000	29.033333	27.489000	
152	25.466667	29.000000	27.500833	
153	25.533333	29.033333	27.521000	
154	25.633333	29.033333	27.546333	
155	25.666667	29.000000	27.566000	
156	25.700000	29.000000	27.588500	
157	25.733333	29.000000	27.603000	
158	25.733333	29.000000	27.615333	
159	25.766667	29.066667	27.618500	
160	25.766667	29.100000	27.640000	
161	25.800000	29.066667	27.651500	
162	25.900000	29.100000	27.659167	
163	25.800000	29.066667	27.676000	
164	25.900000	29.033333	27.698500	
165	25.833333	29.066667	27.705833	
166	25.866667	29.066667	27.726500	
167	26.000000	29.066667	27.739500	
168	26.100000	29.100000	27.753500	
169	26.033333	29.100000	27.773500	
170	26.000000	29.100000	27.768833	
171	26.033333	29.066667	27.786833	
172	26.133333	29.133333	27.798500	
173	26.133333	29.100000	27.829167	
174	26.200000	29.100000	27.848333	
175	26.066667	29.066667	27.860833	
176	26.100000	29.133333	27.869500	
177	26.133333	29.100000	27.886833	
178	26.133333	29.133333	27.881000	
179	26.133333	29.166667	27.885667	
180	26.133333	29.166667	27.901500	
181	26.266667	29.166667	27.911500	
182	26.300000	29.066667	27.921167	
183	26.300000	29.100000	27.933500	
184	26.333333	29.100000	27.939500	
185	26.300000	29.066667	27.938667	
186	26.333333	29.066667	27.945500	
187	26.433333	29.066667	27.963333	
188	26.366667	29.100000	27.964000	
189	26.433333	29.066667	27.966167	
190	26.400000	29.000000	27.962167	
191	26.466667	29.000000	27.959167	
192	26.433333	29.033333	27.961667	
193	26.433333	29.000000	27.986833	
194	26.466667	29.000000	27.990500	
195	26.366667	29.000000	27.996167	
196	26.500000	29.000000	28.022167	
197	26.600000	29.000000	28.025333	
198	26.600000	29.033333	28.045500	
199	26.633333	29.066667	28.043167	
200	26.566667	29.033333	28.035000	
201	26.600000	29.033333	28.040167	
202	26.533333	29.033333	28.050333	
203	26.600000	29.033333	28.068833	
204	26.600000	29.033333	28.067167	
205	26.600000	29.066667	28.062167	
206	26.600000	29.000000	28.079000	
207	26.700000	29.033333	28.078667	
208	26.700000	29.066667	28.082333	
209	26.800000	29.000000	28.103167	
210	26.766667	29.033333	28.108500	
211	26.700000	29.033333	28.114667	
212	26.800000	29.033333	28.111167	
213	26.800000	29.000000	28.121333	
214	26.800000	29.000000	28.128167	
215	26.766667	29.033333	28.123500	
216	26.833333	29.066667	28.131500	
217	26.766667	29.066667	28.148000	
218	26.733333	29.066667	28.164667	
219	26.833333	29.033333	28.176667	
220	26.900000	29.033333	28.183000	
221	26.900000	29.033333	28.194000	
222	26.866667	29.066667	28.208333	
223	26.933333	29.033333	28.226167	
224	26.966667	29.000000	28.228000	
225	26.933333	29.033333	28.236333	
226	26.833333	29.000000	28.249000	
227	26.733333	29.000000	28.242000	
228	26.766667	28.966667	28.257000	
229	26.766667	28.966667	28.266167	
230	26.833333	28.933333	28.268667	
231	26.900000	28.933333	28.274500	
232	26.933333	29.000000	28.273833	
233	26.833333	28.966667	28.286000	
234	27.033333	28.966667	28.288333	
235	26.900000	28.966667	28.298167	
236	26.966667	28.966667	28.297500	
237	27.033333	28.966667	28.310333	
238	26.966667	28.966667	28.318500	
239	26.966667	28.966667	28.319833	
240	26.966667	29.000000	28.325167	
241	27.000000	29.000000	28.329833	
242	27.100000	29.000000	28.329167	
243	27.133333	29.000000	28.338833	
244	27.066667	29.000000	28.360833	
245	27.200000	29.000000	28.374667	
246	27.200000	29.000000	28.388500	
247	27.100000	29.000000	28.387167	
248	27.166667	29.000000	28.388167	
249	27.133333	29.000000	28.394167	
250	27.200000	29.000000	28.406333	
251	27.200000	29.000000	28.413500	
252	27.100000	29.000000	28.407833	
253	27.233333	29.000000	28.414000	
254	27.266667	29.000000	28.421833	
255	27.266667	29.000000	28.435667	
256	27.200000	29.000000	28.441833	
257	27.300000	29.000000	28.447500	
258	27.300000	29.000000	28.459500	
259	27.366667	29.000000	28.460833	
260	27.333333	29.000000	28.468000	
261	27.366667	29.000000	28.471167	
262	27.433333	29.000000	28.484500	
263	27.400000	29.000000	28.490500	
264	27.333333	29.000000	28.485500	
265	27.433333	29.000000	28.491833	
266	27.500000	29.000000	28.500000	
267	27.533333	29.000000	28.504667	
268	27.400000	29.000000	28.514833	
269	27.433333	29.000000	28.508667	
270	27.400000	29.000000	28.513000	
271	27.466667	29.000000	28.524333	
272	27.500000	29.000000	28.522833	
273	27.433333	29.000000	28.525167	
274	27.466667	29.000000	28.537000	
275	27.566667	29.000000	28.541333	
276	27.466667	29.000000	28.535000	
277	27.466667	28.966667	28.539333	
278	27.433333	28.966667	28.540667	
279	27.433333	28.966667	28.547500	
280	27.533333	28.966667	28.557667	
281	27.366667	28.933333	28.559500	
282	27.433333	28.933333	28.570500	
283	27.633333	28.933333	28.576500	
284	27.666667	28.966667	28.583167	
285	27.500000	28.966667	28.576333	
286	27.733333	28.933333	28.581500	
287	27.766667	28.933333	28.582667	
288	27.733333	28.933333	28.574500	
289	27.733333	28.933333	28.575000	
290	27.733333	28.966667	28.578000	
291	27.733333	28.933333	28.581000	
292	27.866667	28.966667	28.588500	
293	27.866667	28.966667	28.598333	
294	27.800000	28.966667	28.597000	
295	27.766667	28.966667	28.598333	
296	27.566667	28.966667	28.602333	
297	27.433333	28.966667	28.595333	
298	27.566667	28.966667	28.595833	
299	27.700000	28.966667	28.596833	
300	27.733333	28.966667	28.608500	
301	27.766667	28.966667	28.606500	
302	27.800000	28.966667	28.605333	
303	27.566667	28.966667	28.608167	
304	27.533333	28.966667	28.613167	
305	27.600000	28.933333	28.612667	
306	27.300000	28.933333	28.613000	
307	27.633333	28.966667	28.612500	
308	27.666667	28.966667	28.613333	
309	27.633333	28.966667	28.630833	
310	27.600000	28.933333	28.634167	
311	27.566667	28.933333	28.634333	
312	27.833333	28.966667	28.633333	
313	27.866667	28.933333	28.637000	
314	27.900000	28.933333	28.635500	
315	27.866667	28.933333	28.639333	
316	27.900000	28.933333	28.642833	
317	27.900000	28.933333	28.648500	
318	27.666667	28.933333	28.652667	
319	27.733333	28.933333	28.645500	
320	27.666667	28.933333	28.647000	
321	27.866667	28.933333	28.644167	
322	27.866667	28.933333	28.640167	
323	27.866667	28.933333	28.648167	
324	27.933333	28.933333	28.647500	
325	27.966667	28.933333	28.648333	
326	27.966667	28.933333	28.648667	
327	27.933333	28.933333	28.651333	
328	27.933333	28.933333	28.657000	
329	27.966667	28.933333	28.660333	
330	27.766667	28.933333	28.656500	
331	27.833333	28.933333	28.656000	
332	27.833333	28.933333	28.652667	
333	27.933333	28.900000	28.663167	
334	28.033333	28.900000	28.666833	
335	28.100000	28.900000	28.665833	
336	28.000000	28.900000	28.666667	
337	28.033333	28.933333	28.670333	
338	28.033333	28.866667	28.669167	
339	28.033333	28.900000	28.666833	
340	27.966667	28.900000	28.666833	
341	27.966667	28.900000	28.667500	
342	28.066667	28.900000	28.669000	
343	28.066667	28.900000	28.668333	
344	28.066667	28.900000	28.669667	
345	28.066667	28.900000	28.673167	
346	28.066667	28.900000	28.679333	
347	28.066667	28.900000	28.676333	
348	28.066667	28.900000	28.681667	
349	27.933333	28.866667	28.673000	
350	28.000000	28.866667	28.676167	
351	28.000000	28.900000	28.677333	
352	28.066667	28.900000	28.671167	
353	28.100000	28.900000	28.672333	
354	28.066667	28.900000	28.676167	
355	28.066667	28.900000	28.681167	
356	28.066667	28.900000	28.681833	
357	28.100000	28.900000	28.688167	
358	28.100000	28.900000	28.690167	
359	28.133333	28.900000	28.696833	
360	28.166667	28.900000	28.699667	
361	28.166667	28.900000	28.703833	
362	28.133333	28.900000	28.702667	
363	28.166667	28.900000	28.708000	
364	28.100000	28.900000	28.705667	
365	28.166667	28.900000	28.708167	
366	28.200000	28.900000	28.713500	
367	28.233333	28.900000	28.719167	
368	28.200000	28.900000	28.719833	
369	28.200000	28.900000	28.724167	
370	28.200000	28.900000	28.725333	
371	28.233333	28.900000	28.733833	
372	28.233333	28.900000	28.741000	
373	28.233333	28.900000	28.744000	
374	28.066667	28.900000	28.743333	
375	28.066667	28.900000	28.745000	
376	28.100000	28.900000	28.744000	
377	28.100000	28.900000	28.743500	
378	28.066667	28.900000	28.745333	
379	28.100000	28.900000	28.741667	
380	28.133333	28.900000	28.745500	
381	28.133333	28.900000	28.751500	
382	28.166667	28.900000	28.748500	
383	28.166667	28.900000	28.746000	
384	28.066667	28.900000	28.746000	
385	28.033333	28.900000	28.751000	
386	28.033333	28.900000	28.756833	
387	28.100000	28.900000	28.756500	
388	28.100000	28.900000	28.753167	
389	28.100000	28.900000	28.751667	
390	28.100000	28.900000	28.752667	
391	28.100000	28.900000	28.750500	
392	28.100000	28.900000	28.754500	
393	28.400000	28.900000	28.756667	
394	28.400000	28.900000	28.755833	
395	28.400000	28.900000	28.758500	
396	28.400000	28.900000	28.759000	
397	28.400000	28.900000	28.758167	
398	28.400000	28.900000	28.762000	
399	28.400000	28.900000	28.766667	
400	28.366667	28.900000	28.767000	
401	28.366667	28.900000	28.764500	
402	28.366667	28.900000	28.763167	
403	28.200000	28.900000	28.767000	
404	28.233333	28.900000	28.772167	
405	28.233333	28.900000	28.770000	
406	28.266667	28.900000	28.774500	
407	28.266667	28.900000	28.775500	
408	28.266667	28.900000	28.776167	
409	28.166667	28.900000	28.773833	
410	28.333333	28.900000	28.773000	
411	28.466667	28.900000	28.774833	
412	28.266667	28.900000	28.773500	
413	28.266667	28.900000	28.768500	
414	28.166667	28.900000	28.775333	
415	28.366667	28.900000	28.779500	
416	28.400000	28.900000	28.780667	
417	28.400000	28.900000	28.775833	
418	28.366667	28.900000	28.774833	
419	28.366667	28.900000	28.778500	
420	28.166667	28.900000	28.780167	
421	28.200000	28.900000	28.780500	
422	28.466667	28.900000	28.783000	
423	28.500000	28.900000	28.781333	
424	28.500000	28.900000	28.779833	
425	28.533333	28.900000	28.783833	
426	28.533333	28.900000	28.786833	
427	28.533333	28.900000	28.787833	
428	28.533333	28.900000	28.789833	
429	28.500000	28.900000	28.791167	
430	28.500000	28.900000	28.787500	
431	28.500000	28.900000	28.787167	
432	28.333333	28.900000	28.787167	
433	28.500000	28.900000	28.793167	
434	28.533333	28.900000	28.791167	
435	28.533333	28.900000	28.795333	
436	28.433333	28.900000	28.795833	
437	28.533333	28.900000	28.801333	
438	28.566667	28.900000	28.804167	
439	28.533333	28.900000	28.804333	
440	28.566667	28.900000	28.807833	
441	28.533333	28.900000	28.805833	
442	28.533333	28.900000	28.806500	
443	28.500000	28.900000	28.805167	
444	28.533333	28.900000	28.801167	
445	28.533333	28.900000	28.801833	
446	28.533333	28.900000	28.803000	
447	28.600000	28.900000	28.803500	
448	28.600000	28.900000	28.801167	
449	28.566667	28.900000	28.799667	
450	28.566667	28.900000	28.807000	
451	28.566667	28.900000	28.805167	
452	28.566667	28.900000	28.806333	
453	28.366667	28.900000	28.810000	
454	28.366667	28.900000	28.811667	
455	28.333333	28.900000	28.813833	
456	28.533333	28.900000	28.814000	
457	28.533333	28.900000	28.813500	
458	28.533333	28.900000	28.813000	
459	28.533333	28.900000	28.813667	
460	28.533333	28.900000	28.816500	
461	28.300000	28.900000	28.816333	
462	28.533333	28.900000	28.816167	
463	28.533333	28.900000	28.819667	
464	28.533333	28.900000	28.821833	
465	28.566667	28.900000	28.823500	
466	28.566667	28.900000	28.833167	
467	28.500000	28.933333	28.829500	
468	28.500000	28.900000	28.832833	
469	28.533333	28.900000	28.831000	
470	28.533333	28.900000	28.830333	
471	28.333333	28.900000	28.829500	
472	28.333333	28.900000	28.832000	
473	28.233333	28.900000	28.833667	
474	28.266667	28.900000	28.835500	
475	28.266667	28.900000	28.835667	
476	28.566667	28.900000	28.841167	
477	28.566667	28.900000	28.841000	
478	28.566667	28.900000	28.840000	
479	28.466667	28.900000	28.842667	
480	28.466667	28.900000	28.843500	
481	28.466667	28.900000	28.845000	
482	28.633333	28.900000	28.849333	
483	28.633333	28.900000	28.852833	
484	28.633333	28.900000	28.854000	
485	28.533333	28.900000	28.854000	
486	28.433333	28.900000	28.853500	
487	28.433333	28.900000	28.851000	
488	28.433333	28.900000	28.851333	
489	28.433333	28.900000	28.851167	
490	28.466667	28.900000	28.847833	
491	28.633333	28.900000	28.847500	
492	28.666667	28.900000	28.846833	
493	28.666667	28.900000	28.848333	
494	28.666667	28.900000	28.851500	
495	28.666667	28.900000	28.847500	
496	28.633333	28.900000	28.844500	
497	28.666667	28.900000	28.840500	
498	28.566667	28.900000	28.840333	
499	28.633333	28.900000	28.843667	
