2.034813,68.850270,31.589765,
2.994607,70.544727,35.293311,
4.045467,71.592447,38.767517,
5.452377,72.746477,41.746415,
7.158803,72.691850,43.647618,
8.829120,73.048343,45.366822,
8.701627,73.774077,47.036427,
11.037173,74.164583,48.359240,
11.099863,74.395023,49.360788,
11.156197,74.204100,50.144589,
12.785000,75.113083,50.975384,
12.764757,74.856167,51.708498,
14.636600,75.133333,52.335387,
12.676563,75.212860,52.807096,
14.821050,75.278530,53.486799,
16.201530,75.416820,53.818116,
16.696713,75.372780,54.244859,
18.926713,75.673227,54.565769,
17.291220,75.172183,55.042310,
16.818503,75.714353,55.232821,
17.697980,75.690117,55.523548,
18.375290,75.853827,56.109747,
18.690520,75.867517,56.622139,
20.936983,76.171857,57.148776,
18.338867,75.969703,57.381777,
21.742207,76.303697,58.034847,
23.308520,75.987920,58.210349,
21.713310,76.064060,58.654543,
23.824567,75.904687,59.120343,
23.043493,76.219447,59.717711,
24.613063,76.215867,60.002364,
24.863730,76.565450,60.555357,
26.769353,76.527437,60.881403,
28.442567,76.453820,61.339553,
28.869787,76.593593,61.774205,
28.213920,76.557410,61.981745,
26.610540,76.578683,62.338828,
29.863657,76.431927,62.788432,
30.945887,76.355963,63.127691,
32.091197,76.290833,63.470826,
32.077623,76.680160,63.901941,
33.099843,76.641707,64.049458,
34.233850,76.688893,64.496892,
33.753880,76.547180,64.724969,
35.471163,76.726180,65.120753,
36.359573,76.894213,65.430196,
37.952407,76.800940,65.757012,
38.485303,76.706217,66.121676,
40.099157,76.803920,66.223650,
40.275923,76.769213,66.367173,
41.014703,76.715453,66.551251,
41.210153,76.817593,66.806519,
41.700543,76.886183,67.126225,
41.799283,76.818937,67.366661,
42.939993,76.867590,67.489553,
43.219437,77.042530,67.698102,
42.992060,77.010207,67.957464,
43.326857,77.058797,68.258303,
44.511563,77.200590,68.412575,
44.224147,77.157060,68.571294,
45.376687,77.116127,68.701859,
46.387707,77.103040,68.831041,
47.393077,77.288237,69.021043,
47.741233,77.144040,69.280086,
47.521940,77.211980,69.487137,
47.402060,77.138240,69.603598,
48.392930,77.147550,69.709336,
49.527277,77.140777,69.935952,
50.579633,77.126850,70.094133,
50.957010,77.105820,70.233329,
51.761163,76.909617,70.450027,
51.819193,77.053500,70.574025,
52.463570,77.169933,70.672965,
52.687050,77.116597,70.709411,
53.057063,77.175280,70.742282,
54.204580,77.135563,70.933222,
54.693207,77.190137,71.013743,
55.060040,77.153727,71.162477,
55.219210,77.062957,71.221664,
56.296300,77.109877,71.402311,
56.104063,77.068163,71.600862,
56.425810,77.140067,71.679128,
57.008187,77.189283,71.785700,
57.077987,77.244497,71.859789,
57.556020,77.234167,71.999890,
57.982593,77.281253,72.174168,
57.703773,77.122403,72.242874,
59.767993,77.209537,72.368237,
59.403490,77.172037,72.383459,
59.008277,77.191250,72.437152,
59.963040,77.238907,72.538263,
60.056757,77.280327,72.573121,
59.979610,77.230743,72.635663,
60.802127,77.170050,72.645527,
60.711307,77.245300,72.705086,
61.861890,77.220767,72.813678,
61.742383,77.219740,72.847295,
62.645210,77.264017,72.959268,
63.842233,77.262763,73.009691,
64.042803,77.303163,73.081522,
63.763990,77.306593,73.162837,
64.293907,77.223350,73.304890,
64.084027,77.249650,73.415795,
64.702550,77.326620,73.470967,
64.673900,77.380733,73.518978,
64.429197,77.381533,73.618276,
66.039890,77.274173,73.646268,
65.831620,77.317370,73.694014,
66.079753,77.370923,73.742988,
65.466453,77.347293,73.748388,
66.190567,77.387023,73.789320,
66.465847,77.376280,73.796367,
66.782610,77.367447,73.844622,
66.625910,77.350697,73.835800,
66.592433,77.334173,73.875633,
66.791910,77.397663,73.931206,
66.621927,77.408307,73.991980,
66.942463,77.431277,73.998810,
67.383060,77.421313,74.060588,
67.422887,77.421833,74.144173,
67.170980,77.465723,74.171279,
66.981603,77.415400,74.173686,
67.079117,77.466143,74.200700,
67.244213,77.439590,74.194683,
68.054933,77.457120,74.207018,
67.889660,77.391577,74.239154,
68.033770,77.408433,74.273210,
67.910670,77.428687,74.309150,
67.914250,77.463053,74.339927,
68.265107,77.451757,74.317534,
68.571087,77.431290,74.386471,
68.687893,77.455133,74.441674,
68.848560,77.417717,74.461464,
68.725453,77.445370,74.464687,
69.039037,77.458583,74.537378,
69.262337,77.499197,74.573807,
69.402473,77.452310,74.613190,
69.432670,77.429020,74.635823,
69.384443,77.392063,74.619955,
69.359630,77.418950,74.647982,
68.917703,77.409253,74.762114,
69.102700,77.393960,74.787193,
68.333163,77.358737,74.822227,
69.208043,77.356073,74.873551,
69.263013,77.432803,74.917972,
69.233893,77.439237,74.928430,
69.899980,77.444007,74.935088,
69.978437,77.453757,74.947622,
69.813157,77.404970,74.950106,
69.167020,77.364690,75.001838,
69.230993,77.425990,75.012573,
69.327453,77.439183,75.054270,
69.236613,77.365323,75.067103,
68.682903,77.315767,75.094876,
69.457893,77.342400,75.107236,
70.236857,77.315147,75.144515,
70.316807,77.302053,75.184699,
69.741840,77.298763,75.150157,
70.462517,77.317637,75.138080,
70.468727,77.321627,75.131799,
70.349437,77.302133,75.147279,
70.462207,77.278557,75.174968,
70.531343,77.278110,75.187185,
69.730567,77.302020,75.195649,
69.629303,77.302527,75.226739,
70.468747,77.355520,75.297398,
70.616220,77.305397,75.331447,
70.950377,77.333590,75.370140,
70.878463,77.329720,75.380221,
71.115353,77.325750,75.413450,
71.040567,77.249233,75.418760,
70.672577,77.262840,75.436848,
70.997767,77.269773,75.460317,
71.601130,77.293343,75.486307,
71.636783,77.279323,75.468690,
71.124710,77.299910,75.484532,
71.085197,77.272083,75.470863,
70.644833,77.259983,75.486887,
70.550560,77.249127,75.494584,
70.920467,77.286457,75.477291,
71.540770,77.249567,75.500058,
71.706143,77.273097,75.511613,
71.573753,77.250067,75.515296,
70.388827,77.290420,75.528538,
70.927937,77.290153,75.554942,
70.883870,77.245303,75.581458,
71.603710,77.243087,75.603896,
71.744510,77.259503,75.634999,
71.884363,77.256280,75.632008,
71.840177,77.270313,75.621600,
71.902447,77.269447,75.634204,
72.111260,77.264897,75.649921,
72.214933,77.312357,75.652897,
72.304490,77.292137,75.636818,
72.347507,77.282287,75.651358,
72.449433,77.278903,75.670521,
72.421420,77.282433,75.661283,
72.496240,77.269307,75.667895,
72.318290,77.264697,75.665698,
72.028497,77.308893,75.668275,
72.019067,77.318637,75.687596,
72.105520,77.236127,75.703491,
71.985327,77.250000,75.709642,
72.451050,77.193430,75.731164,
72.933833,77.226330,75.744436,
72.694487,77.208713,75.726302,
73.081707,77.188600,75.747192,
73.142960,77.194713,75.752897,
73.112153,77.204750,75.783591,
73.131983,77.204583,75.803059,
72.704840,77.208147,75.816392,
72.863133,77.204803,75.833001,
73.172187,77.205590,75.837233,
73.140397,77.186317,75.849915,
72.276680,77.228360,75.857846,
72.408883,77.211870,75.865463,
72.499920,77.238443,75.877939,
72.944700,77.241760,75.889593,
72.860263,77.168033,75.882876,
72.925447,77.188200,75.896713,
73.359890,77.178790,75.916055,
73.348760,77.159910,75.932227,
73.441840,77.169327,75.940167,
73.501280,77.162060,75.950061,
73.460063,77.159210,75.971550,
72.657983,77.155807,75.964379,
72.704380,77.133117,75.967958,
73.587710,77.129067,75.968647,
73.594260,77.136433,75.966005,
73.550570,77.149807,75.954518,
73.640857,77.118677,75.948416,
73.622890,77.138697,75.935879,
73.610810,77.142140,75.939215,
73.583690,77.135633,75.962152,
73.720780,77.118623,75.976425,
73.628837,77.105997,75.974444,
73.795730,77.109133,75.997709,
73.714357,77.111957,75.997194,
73.781563,77.115313,76.003764,
73.897763,77.122360,76.011707,
73.938750,77.069047,76.012806,
73.989143,77.055600,76.016229,
73.996907,77.065350,76.031882,
74.071983,77.019810,76.028320,
74.147737,77.046643,76.037085,
74.151517,77.043007,76.048195,
74.194620,77.029767,76.051011,
74.071770,77.042320,76.052341,
74.079730,77.004837,76.039065,
74.155633,77.001527,76.052276,
73.855377,77.022020,76.058853,
73.601720,77.005017,76.058287,
73.689757,77.005283,76.056424,
73.749007,77.008147,76.067806,
74.287953,76.991710,76.074130,
74.550797,77.005230,76.088511,
74.531603,77.024150,76.090038,
74.539010,77.044043,76.104335,
74.562287,77.010490,76.092602,
74.662947,77.024223,76.105273,
74.528153,77.047913,76.111794,
74.646900,76.950817,76.114221,
74.683417,77.004750,76.120648,
74.682730,76.988080,76.120347,
74.696250,76.974253,76.133934,
74.687143,76.977703,76.148988,
74.709920,76.981460,76.153499,
74.701847,76.947433,76.159111,
74.785417,76.961233,76.162824,
74.786723,76.957470,76.163378,
74.408817,76.950663,76.151845,
73.873550,76.971217,76.150015,
74.472540,76.971370,76.151598,
74.518703,76.960600,76.155667,
74.849807,76.990777,76.163258,
74.894347,76.964137,76.160036,
74.104337,76.967760,76.167472,
74.098137,76.967720,76.166463,
74.933847,76.947407,76.172782,
74.974540,76.937157,76.184007,
74.899207,76.940587,76.187593,
74.832933,76.933813,76.191984,
74.764777,76.923717,76.194620,
74.771623,76.933760,76.192147,
74.872310,76.940573,76.186319,
74.794687,76.940573,76.179185,
73.994367,76.937170,76.170285,
74.036177,76.937170,76.175842,
74.093657,76.920333,76.184693,
74.905190,76.916923,76.192460,
74.943833,76.916923,76.197115,
75.002370,76.913533,76.204688,
74.854040,76.920333,76.201147,
74.928567,76.906753,76.199059,
75.008010,76.906867,76.203084,
75.045430,76.910150,76.213199,
75.038763,76.903383,76.216882,
75.028733,76.900013,76.226992,
75.055647,76.900033,76.226472,
75.052357,76.896703,76.231453,
75.076547,76.906773,76.235713,
75.066823,76.903410,76.234005,
75.146427,76.906773,76.239868,
74.368207,76.910183,76.240887,
74.334200,76.910130,76.245423,
75.126733,76.910130,76.249819,
75.198620,76.910130,76.262461,
75.152327,76.906773,76.275664,
75.163917,76.903397,76.283094,
75.106847,76.906807,76.268497,
75.168583,76.906773,76.265284,
75.161637,76.910130,76.265368,
74.821930,76.906773,76.274498,
75.148633,76.903397,76.281793,
75.135407,76.910130,76.282402,
75.135620,76.900027,76.278232,
75.185120,76.900060,76.280554,
74.596530,76.906793,76.267660,
74.626313,76.903437,76.268260,
73.760747,76.903437,76.261156,
73.997693,76.903397,76.260197,
73.980590,76.893293,76.263901,
74.024580,76.889943,76.264826,
74.572080,76.889917,76.266352,
74.654177,76.886473,76.269480,
74.576993,76.899993,76.268784,
75.233783,76.900027,76.278147,
75.244027,76.903383,76.285520,
75.247770,76.903437,76.292294,
75.238033,76.899993,76.289933,
75.245687,76.886533,76.289000,
75.267130,76.903437,76.290456,
75.251153,76.900027,76.285838,
75.324627,76.893193,76.280868,
75.370620,76.889843,76.278629,
75.166117,76.888897,76.279922,
75.174833,76.865233,76.272417,
75.177577,76.885487,76.282142,
75.222457,76.885500,76.287283,
75.292793,76.855010,76.280226,
75.292753,76.838120,76.264890,
75.309357,76.848197,76.261467,
74.966327,76.851553,76.259523,
74.946100,76.827863,76.266967,
74.712813,76.851553,76.267714,
74.702837,76.835663,76.278721,
74.324707,76.839067,76.289157,
74.324587,76.828903,76.291627,
75.289797,76.798520,76.308279,
75.316750,76.812187,76.307536,
75.346307,76.832267,76.301082,
75.321990,76.815530,76.304981,
75.291813,76.798520,76.312577,
75.325453,76.829017,76.329051,
74.660253,76.829017,76.329183,
73.475170,76.822257,76.314014,
73.483717,76.829057,76.310692,
74.364303,76.832413,76.313417,
74.839163,76.815710,76.319252,
74.851837,76.805533,76.325851,
74.967613,76.802197,76.322940,
74.918143,76.795343,76.330517,
74.964243,76.798800,76.335991,
74.999547,76.819153,76.337427,
75.009637,76.819107,76.333706,
75.021320,76.815730,76.343870,
75.571497,76.812387,76.345576,
74.974743,76.798787,76.341913,
75.571843,76.798787,76.347644,
75.588093,76.791973,76.348768,
75.578370,76.795377,76.354253,
75.554707,76.774883,76.350174,
75.598003,76.812167,76.341868,
75.597763,76.801977,76.339926,
75.631383,76.758307,76.335920,
75.607713,76.791840,76.331832,
75.611090,76.785080,76.329053,
75.655000,76.785080,76.332208,
75.677003,76.771907,76.334306,
75.717077,76.771907,76.333591,
75.573647,76.782150,76.334354,
75.587007,76.785507,76.335949,
75.685203,76.802483,76.339676,
75.731023,76.809190,76.332247,
74.898853,76.778707,76.325616,
74.152530,76.782103,76.326993,
75.724470,76.768690,76.339587,
75.724543,76.771907,76.335365,
75.714440,76.792140,76.334583,
75.622033,76.795537,76.335001,
75.615880,76.792187,76.338504,
75.162890,76.802297,76.333616,
75.585967,76.795497,76.338096,
75.589303,76.771920,76.341222,
75.382977,76.768563,76.333267,
75.545673,76.768563,76.335339,
75.368050,76.771920,76.328192,
75.382017,76.771920,76.323287,
75.455467,76.771933,76.323209,
75.317783,76.771920,76.312872,
75.396240,76.765213,76.308734,
75.389493,76.765120,76.311587,
75.399050,76.765120,76.318189,
74.063120,76.758347,76.307679,
74.033537,76.758347,76.305957,
74.089947,76.765120,76.300746,
74.823280,76.812067,76.308898,
75.642940,76.758413,76.320734,
75.646303,76.765120,76.321589,
75.666597,76.765120,76.317211,
75.673330,76.758387,76.324600,
75.666597,76.765120,76.319571,
75.673330,76.768523,76.317614,
75.496370,76.768470,76.313295,
74.898597,76.751587,76.311475,
74.769607,76.761737,76.312466,
74.744233,76.761737,76.310277,
75.503783,76.758247,76.317248,
75.497037,76.754897,76.319709,
74.667350,76.758200,76.323299,
75.499720,76.731107,76.322038,
75.540620,76.758200,76.324278,
75.565667,76.758200,76.328365,
74.966597,76.744653,76.327581,
75.596050,76.748097,76.336016,
75.578860,76.754803,76.338872,
75.572293,76.754803,76.336220,
75.602723,76.748097,76.335514,
75.596137,76.744713,76.334867,
75.596137,76.751460,76.339601,
75.489047,76.738093,76.334038,
75.670033,76.734643,76.328707,
75.659910,76.738000,76.334570,
75.659910,76.738000,76.339845,
75.656567,76.744800,76.342740,
75.656567,76.731247,76.337130,
75.690300,76.738047,76.332353,
75.663793,76.748197,76.334197,
75.653123,76.744800,76.339311,
75.676653,76.744800,76.338467,
75.676780,76.744800,76.340472,
75.656353,76.738093,76.346157,
75.656367,76.738093,76.349861,
75.680177,76.738093,76.352583,
74.833270,76.731253,76.343669,
75.696693,76.731253,76.344871,
75.720063,76.731253,76.349571,
75.710213,76.731300,76.350294,
74.869783,76.734657,76.347147,
75.753090,76.738067,76.353097,
75.569290,76.734657,76.358614,
75.510783,76.731300,76.363644,
75.602730,76.724500,76.367864,
75.619647,76.717653,76.382739,
75.524810,76.710840,76.379223,
75.531423,76.717680,76.374965,
75.678427,76.717680,76.370138,
75.702123,76.717680,76.376037,
75.034230,76.731067,76.373159,
75.041343,76.707757,76.377004,
75.698607,76.717633,76.379446,
75.067000,76.710893,76.381636,
74.584447,76.714203,76.382743,
74.594903,76.714283,76.379540,
74.578093,76.724387,76.375464,
74.580837,76.717593,76.379509,
74.945600,76.720990,76.389183,
75.556210,76.720990,76.390945,
75.586313,76.724387,76.395759,
75.579873,76.720990,76.398329,
75.649943,76.724387,76.406183,
75.837653,76.710840,76.409089,
75.841050,76.720990,76.405417,
75.932517,76.720990,76.413666,
75.972517,76.720990,76.412718,
75.962393,76.720990,76.414765,
75.965610,76.707443,76.412427,
75.992330,76.720990,76.405174,
75.597780,76.704087,76.400044,
75.594410,76.710840,76.399568,
75.621343,76.704053,76.403125,
75.621343,76.710840,76.401179,
75.240757,76.720990,76.396754,
75.621343,76.717633,76.400901,
75.594357,76.717593,76.397782,
75.594357,76.707443,76.393776,
75.604460,76.704087,76.395492,
75.558153,76.704053,76.394677,
74.119593,76.704053,76.393902,
74.744500,76.704053,76.398937,
74.771167,76.727523,76.408790,
74.784740,76.704053,76.408714,
73.968700,76.697340,76.415302,
74.742007,76.697340,76.417711,
74.742007,76.700697,76.424421,
75.585167,76.700697,76.427722,
75.571593,76.700750,76.425809,
75.638287,76.700750,76.426217,
75.112097,76.700750,76.429464,
75.098523,76.710920,76.430846,
