0	1000.000000	8578621026.935649	8578407659.892224	
1	1000.000000	8578623733.705523	8578408102.401651	
2	1000.000000	8578630559.185611	8578407599.623233	
3	1000.000000	8578629791.145089	8578408668.309176	
4	1000.000000	8578622324.650982	8578407586.776797	
5	1000.000000	8578615204.050455	8578407146.837686	
6	1000.000000	8578618991.856079	8578404805.737204	
7	1000.000000	8578614895.340168	8578405632.877641	
8	1000.000000	8578611788.284559	8578405655.110278	
9	1000.000000	8578619582.072286	8578404382.444116	
10	1000.000000	8578613868.628978	8578402865.180964	
11	1000.000000	8578607795.395660	8578403756.865707	
12	1000.000000	8578610161.151315	8578404592.677711	
13	1000.000000	8578617375.782581	8578405357.025309	
14	1000.000000	8578611911.415091	8578405593.394366	
15	1000.000000	8578614290.233315	8578406305.605886	
16	1000.000000	8578620321.047561	8578406297.635925	
17	1000.000000	8578616323.373307	8578406486.976456	
18	1000.000000	8578625853.538101	8578407994.253096	
19	1000.000000	8578618802.562880	8578407987.373807	
20	1000.000000	8578614131.544239	8578407726.603092	
21	1000.000000	8578601351.690401	8578408853.542851	
22	1000.000000	8578604666.489251	8578409956.539531	
23	1000.000000	8578599808.612086	8578408747.136249	
24	1000.000000	8578598921.044961	8578408381.022379	
25	1000.000000	8578602373.283999	8578409796.557653	
26	1000.000000	8578611119.174096	8578409717.246664	
27	1000.000000	8578602262.157090	8578409624.322712	
28	1000.000000	8578597578.682534	8578408543.900290	
29	1000.000000	8578601028.873270	8578408943.818700	
30	1000.000000	8578598683.811925	8578408459.908312	
31	1000.000000	8578600565.679781	8578409032.740871	
32	1000.000000	8578595025.503458	8578408216.166329	
33	1000.000000	8578604716.052868	8578408626.318105	
34	1000.000000	8578604950.911519	8578409120.712444	
35	1000.000000	8578604180.681479	8578408660.431890	
36	1000.000000	8578596652.636740	8578408526.443249	
37	1000.000000	8578598040.736584	8578408751.202145	
38	1000.000000	8578594991.364856	8578408858.137774	
39	1000.000000	8578603097.952136	8578408649.363422	
40	1000.000000	8578603232.552272	8578409016.436892	
41	1000.000000	8578603942.189409	8578409185.602644	
42	1000.000000	8578605067.777042	8578409984.522967	
43	1000.000000	8578592831.428497	8578409020.117086	
44	1000.000000	8578593003.303988	8578408824.872448	
45	1000.000000	8578598113.776316	8578408657.569175	
46	1000.000000	8578595259.293046	8578408813.488363	
47	1000.000000	8578594548.169883	8578408141.692430	
48	1000.000000	8578594967.871942	8578408589.542551	
49	1000.000000	8578597809.928445	8578408441.305094	
50	1000.000000	8578586905.767909	8578407308.824686	
51	1000.000000	8578593476.679504	8578406382.450067	
52	1000.000000	8578591171.175761	8578405981.523620	
53	1000.000000	8578590318.892227	8578404997.967863	
54	1000.000000	8578592914.426163	8578406736.587650	
55	1000.000000	8578600148.791913	8578407623.796412	
56	1000.000000	8578599890.945914	8578408061.295743	
57	1000.000000	8578603193.229801	8578408406.145879	
58	1000.000000	8578607215.516776	8578409061.937896	
59	1000.000000	8578594269.810316	8578409074.901153	
60	1000.000000	8578597568.711856	8578408319.323199	
61	1000.000000	8578591799.828306	8578408566.010652	
62	1000.000000	8578587366.876970	8578407042.528398	
63	1000.000000	8578584703.198254	8578406596.207285	
64	1000.000000	8578587273.453962	8578406540.296527	
65	1000.000000	8578592372.744382	8578406306.013840	
66	1000.000000	8578595571.758516	8578405936.253138	
67	1000.000000	8578594440.909765	8578407239.513074	
68	1000.000000	8578592842.534734	8578406994.821547	
69	1000.000000	8578586834.488063	8578406956.828572	
70	1000.000000	8578586910.272189	8578406904.519485	
71	1000.000000	8578585327.796948	8578407832.694175	
72	1000.000000	8578584706.859266	8578406918.059067	
73	1000.000000	8578587326.049304	8578408900.717181	
74	1000.000000	8578588285.683581	8578409006.367373	
75	1000.000000	8578591890.132420	8578410353.265146	
76	1000.000000	8578591332.750469	8578410896.151388	
77	1000.000000	8578587834.489882	8578410936.195282	
78	1000.000000	8578587452.718273	8578409724.854477	
79	1000.000000	8578585995.457913	8578409337.730814	
80	1000.000000	8578579311.821658	8578409844.374770	
81	1000.000000	8578579792.343373	8578409863.097391	
82	1000.000000	8578580404.904604	8578410126.691978	
83	1000.000000	8578581897.284394	8578409559.197667	
84	1000.000000	8578576562.596642	8578408968.035339	
85	1000.000000	8578586630.171869	8578409944.008490	
86	1000.000000	8578600409.076736	8578410487.257860	
87	1000.000000	8578589874.556425	8578409831.217610	
88	1000.000000	8578589553.451969	8578410165.014889	
89	1000.000000	8578588696.249205	8578410703.327426	
90	1000.000000	8578590081.878079	8578410163.775540	
91	1000.000000	8578585392.405783	8578410400.352861	
92	1000.000000	8578591950.564572	8578410686.681973	
93	1000.000000	8578592088.736681	8578410792.934483	
94	1000.000000	8578587233.275504	8578409076.767941	
95	1000.000000	8578585306.408169	8578409076.118391	
96	1000.000000	8578579253.827756	8578408684.677674	
97	1000.000000	8578581237.086346	8578408982.327776	
98	1000.000000	8578573527.026916	8578409210.154319	
99	1000.000000	8578579482.080709	8578410114.058428	
100	1000.000000	8578583942.770334	8578410050.304170	
101	1000.000000	8578577957.538162	8578409473.245287	
102	1000.000000	8578579021.164292	8578408325.308777	
103	1000.000000	8578573798.309161	8578409273.618798	
104	1000.000000	8578573730.990918	8578409780.894462	
105	1000.000000	8578581725.020493	8578410593.444586	
106	1000.000000	8578577620.159870	8578410612.298002	
107	1000.000000	8578575418.041912	8578411289.276382	
108	1000.000000	8578584791.049177	8578411522.143177	
109	1000.000000	8578576543.069513	8578410840.292522	
110	1000.000000	8578576294.765620	8578410984.035814	
111	1000.000000	8578571094.401548	8578411602.073083	
112	1000.000000	8578573912.743335	8578410728.500018	
113	1000.000000	8578575108.615912	8578410496.434169	
114	1000.000000	8578581021.822051	8578409919.823461	
115	1000.000000	8578575712.766173	8578409784.397512	
116	1000.000000	8578571512.890254	8578409130.241471	
117	1000.000000	8578569343.814534	8578409399.022996	
118	1000.000000	8578568698.357491	8578408387.636003	
119	1000.000000	8578565018.436249	8578407916.437554	
120	1000.000000	8578567265.972142	8578407111.325515	
121	1000.000000	8578566847.493422	8578407287.550907	
122	1000.000000	8578571802.114263	8578407868.932241	
123	1000.000000	8578566299.734988	8578408908.368073	
124	1000.000000	8578570311.460982	8578408199.404129	
125	1000.000000	8578576165.197717	8578406950.691813	
126	1000.000000	8578572072.302502	8578407801.685950	
127	1000.000000	8578569709.289951	8578408573.998493	
128	1000.000000	8578573920.266510	8578408346.459079	
129	1000.000000	8578570587.675288	8578408588.097315	
130	1000.000000	8578562790.317468	8578407095.008769	
131	1000.000000	8578563980.033553	8578406482.872146	
132	1000.000000	8578562209.514086	8578406129.098261	
133	1000.000000	8578566431.699487	8578406797.259080	
134	1000.000000	8578565301.469284	8578406369.112606	
135	1000.000000	8578567711.199014	8578406797.317740	
136	1000.000000	8578571845.229498	8578407096.544020	
137	1000.000000	8578570177.057981	8578407650.222330	
138	1000.000000	8578571874.779271	8578408576.423563	
139	1000.000000	8578572528.831407	8578409308.974901	
140	1000.000000	8578574892.264321	8578409672.579343	
141	1000.000000	8578570219.833866	8578409726.793290	
142	1000.000000	8578572738.055536	8578409192.338050	
143	1000.000000	8578565246.584800	8578410289.218156	
144	1000.000000	8578558841.645483	8578408515.761860	
145	1000.000000	8578567034.197676	8578408133.455071	
146	1000.000000	8578561864.615369	8578408106.953205	
147	1000.000000	8578560517.821597	8578407839.057542	
148	1000.000000	8578565569.144926	8578407444.285344	
149	1000.000000	8578566160.758511	8578409197.541256	
150	1000.000000	8578556455.116883	8578408799.255778	
151	1000.000000	8578557786.253129	8578408419.044361	
152	1000.000000	8578561145.605900	8578407578.763820	
153	1000.000000	8578563225.465368	8578406666.619020	
154	1000.000000	8578557447.106580	8578406130.759049	
155	1000.000000	8578554586.953027	8578405936.997606	
156	1000.000000	8578552419.409635	8578405828.881395	
157	1000.000000	8578547607.116105	8578405269.510038	
158	1000.000000	8578551517.950558	8578405084.691958	
159	1000.000000	8578550440.872223	8578405743.111777	
160	1000.000000	8578548009.919116	8578405728.440412	
161	1000.000000	8578551068.426278	8578406123.933392	
162	1000.000000	8578552648.363138	8578405751.065439	
163	1000.000000	8578545287.430121	8578405079.033176	
164	1000.000000	8578545548.081945	8578404932.075898	
165	1000.000000	8578554988.455828	8578403839.272993	
166	1000.000000	8578547087.092017	8578403598.251819	
167	1000.000000	8578545397.600588	8578403785.471686	
168	1000.000000	8578548410.293926	8578403510.363700	
169	1000.000000	8578545123.115331	8578403681.671934	
170	1000.000000	8578545981.598841	8578404003.182154	
171	1000.000000	8578551557.392022	8578403767.164733	
172	1000.000000	8578545163.641470	8578404017.490560	
173	1000.000000	8578544096.334346	8578404326.388554	
174	1000.000000	8578546621.415606	8578405166.511152	
175	1000.000000	8578547937.594668	8578405563.826092	
176	1000.000000	8578551556.096133	8578406371.602398	
177	1000.000000	8578547905.655756	8578405818.724822	
178	1000.000000	8578546711.116237	8578405307.223403	
179	1000.000000	8578549732.122374	8578404888.031405	
180	1000.000000	8578546970.250859	8578404892.273610	
181	1000.000000	8578541936.660329	8578404123.351853	
182	1000.000000	8578544286.017530	8578403552.126223	
183	1000.000000	8578544333.680362	8578402794.818376	
184	1000.000000	8578543599.194314	8578402187.382908	
185	1000.000000	8578546328.028142	8578402590.824753	
186	1000.000000	8578544141.816692	8578402289.101141	
187	1000.000000	8578535610.253846	8578402002.262954	
188	1000.000000	8578539614.841648	8578401807.929069	
189	1000.000000	8578544039.480362	8578401586.490627	
190	1000.000000	8578538136.531597	8578402427.741269	
191	1000.000000	8578539946.430711	8578402473.233115	
192	1000.000000	8578541492.210083	8578403361.979322	
193	1000.000000	8578537672.597730	8578403301.487753	
194	1000.000000	8578540358.207240	8578403470.789781	
195	1000.000000	8578537504.608951	8578402871.457437	
196	1000.000000	8578538248.458623	8578402779.682100	
197	1000.000000	8578534868.038442	8578403009.963641	
198	1000.000000	8578537452.781684	8578403553.222209	
199	1000.000000	8578540205.730236	8578403259.615107	
200	1000.000000	8578538071.129727	8578402667.542304	
201	1000.000000	8578539420.930907	8578401903.667376	
202	1000.000000	8578535598.094812	8578401795.366699	
203	1000.000000	8578538809.545804	8578402788.021292	
204	1000.000000	8578536838.977524	8578403800.646558	
205	1000.000000	8578536744.515116	8578403979.934150	
206	1000.000000	8578533540.547380	8578405238.223332	
207	1000.000000	8578537193.788236	8578405163.530701	
208	1000.000000	8578538431.308801	8578404702.087150	
209	1000.000000	8578536897.932125	8578403475.186404	
210	1000.000000	8578533151.985968	8578403520.191943	
211	1000.000000	8578531564.286607	8578403781.005277	
212	1000.000000	8578538390.826667	8578404433.348818	
213	1000.000000	8578532762.717886	8578404536.686547	
214	1000.000000	8578533586.844387	8578404132.254194	
215	1000.000000	8578532358.308645	8578404204.590398	
216	1000.000000	8578531303.853868	8578404171.185547	
217	1000.000000	8578533401.766971	8578404211.627224	
218	1000.000000	8578532546.390743	8578403442.766667	
219	1000.000000	8578528451.624743	8578402941.303598	
220	1000.000000	8578522326.906852	8578401778.647353	
221	1000.000000	8578524551.638795	8578402291.750831	
222	1000.000000	8578526922.279765	8578401893.143293	
223	1000.000000	8578528452.400508	8578401957.399349	
224	1000.000000	8578524281.662210	8578401760.741045	
225	1000.000000	8578526179.016982	8578401606.290154	
226	1000.000000	8578525410.176261	8578400961.517127	
227	1000.000000	8578523565.263522	8578400479.524278	
228	1000.000000	8578521673.760648	8578400832.833961	
229	1000.000000	8578524573.448542	8578400144.216481	
230	1000.000000	8578518965.214631	8578399321.988860	
231	1000.000000	8578514366.217688	8578400116.160687	
232	1000.000000	8578518571.779464	8578399828.077805	
233	1000.000000	8578522149.163595	8578399888.589774	
234	1000.000000	8578522108.634211	8578399667.572862	
235	1000.000000	8578522062.972428	8578399415.218609	
236	1000.000000	8578517290.696725	8578399733.634933	
237	1000.000000	8578521116.134286	8578399695.226058	
238	1000.000000	8578520456.469309	8578400236.129162	
239	1000.000000	8578523109.699274	8578399935.065263	
240	1000.000000	8578522700.691249	8578400264.236169	
241	1000.000000	8578521408.007391	8578400266.106008	
242	1000.000000	8578521290.304693	8578399315.627706	
243	1000.000000	8578520506.283763	8578399850.048411	
244	1000.000000	8578518413.607939	8578400679.001638	
245	1000.000000	8578514500.736057	8578400394.053508	
246	1000.000000	8578519082.776491	8578401007.279119	
247	1000.000000	8578514236.203833	8578400373.753714	
248	1000.000000	8578515049.835935	8578399515.923506	
249	1000.000000	8578515073.097809	8578399411.334574	
250	1000.000000	8578513320.759002	8578399643.624655	
251	1000.000000	8578513760.314151	8578400051.755766	
252	1000.000000	8578510926.447907	8578399969.804687	
253	1000.000000	8578513530.107729	8578398814.346803	
254	1000.000000	8578514357.186913	8578398727.153091	
255	1000.000000	8578512135.277189	8578397234.822768	
256	1000.000000	8578512976.068554	8578398072.798219	
257	1000.000000	8578517234.008120	8578398224.136615	
258	1000.000000	8578511148.626870	8578397181.869109	
259	1000.000000	8578510727.049735	8578395788.404313	
260	1000.000000	8578512545.218820	8578395876.043447	
261	1000.000000	8578516324.357186	8578396248.519267	
262	1000.000000	8578511863.346842	8578396837.031224	
263	1000.000000	8578513352.852436	8578396012.194300	
264	1000.000000	8578511006.529608	8578395593.421193	
265	1000.000000	8578510785.191370	8578395949.306211	
266	1000.000000	8578513465.921309	8578395670.802904	
267	1000.000000	8578514188.558085	8578396465.400145	
268	1000.000000	8578509555.271472	8578395493.277165	
269	1000.000000	8578507196.888821	8578395139.030214	
270	1000.000000	8578506996.939325	8578394889.852705	
271	1000.000000	8578506502.593859	8578394784.559367	
272	1000.000000	8578505936.687262	8578395403.831439	
273	1000.000000	8578504891.403657	8578394594.021849	
274	1000.000000	8578503936.031603	8578394921.815717	
275	1000.000000	8578506041.976693	8578394535.166696	
276	1000.000000	8578506195.451906	8578394894.337073	
277	1000.000000	8578505326.256153	8578394921.494748	
278	1000.000000	8578501794.748630	8578395032.644291	
279	1000.000000	8578502432.785047	8578395149.436146	
280	1000.000000	8578505362.759786	8578394254.205943	
281	1000.000000	8578499583.681290	8578394892.380860	
282	1000.000000	8578494280.766445	8578394725.930053	
283	1000.000000	8578494737.053726	8578394120.415660	
284	1000.000000	8578502599.971160	8578393650.277220	
285	1000.000000	8578505156.837383	8578394039.115385	
286	1000.000000	8578499512.708775	8578394002.397803	
287	1000.000000	8578501510.451419	8578393773.696606	
288	1000.000000	8578502747.330677	8578394027.690635	
289	1000.000000	8578496449.389483	8578393938.516858	
290	1000.000000	8578496679.785167	8578393374.749983	
291	1000.000000	8578495178.093575	8578393674.762875	
292	1000.000000	8578497356.812850	8578393860.260921	
293	1000.000000	8578498118.566066	8578393213.044795	
294	1000.000000	8578497024.719906	8578392449.025319	
295	1000.000000	8578494557.426955	8578392388.430111	
296	1000.000000	8578495287.061766	8578392316.506128	
297	1000.000000	8578492986.971863	8578392908.364310	
298	1000.000000	8578492594.042602	8578392964.951606	
299	1000.000000	8578495206.310979	8578392781.572518	
300	1000.000000	8578492652.591755	8578392990.483769	
301	1000.000000	8578492967.513424	8578392839.061427	
302	1000.000000	8578494564.902261	8578393172.672382	
303	1000.000000	8578492315.380002	8578392962.389791	
304	1000.000000	8578491893.918508	8578392070.402426	
305	1000.000000	8578491749.865284	8578393344.419317	
306	1000.000000	8578491943.552005	8578392839.397318	
307	1000.000000	8578492207.920150	8578392972.478563	
308	1000.000000	8578495316.238506	8578392506.797824	
309	1000.000000	8578489720.740365	8578392651.242983	
310	1000.000000	8578493656.953172	8578392052.867357	
311	1000.000000	8578490932.914889	8578392164.348250	
312	1000.000000	8578491746.627440	8578392368.066875	
313	1000.000000	8578491871.635087	8578392396.019372	
314	1000.000000	8578492180.397166	8578392876.278394	
315	1000.000000	8578489077.239268	8578393254.597396	
316	1000.000000	8578490999.071483	8578394142.298505	
317	1000.000000	8578495322.215044	8578394653.910948	
318	1000.000000	8578494867.109958	8578394988.252219	
319	1000.000000	8578491549.487922	8578394574.516270	
320	1000.000000	8578491968.748581	8578395323.423445	
321	1000.000000	8578491701.887626	8578395044.119507	
322	1000.000000	8578493543.652969	8578394876.914199	
323	1000.000000	8578492654.855763	8578394927.290694	
324	1000.000000	8578490803.995971	8578394659.670131	
325	1000.000000	8578493742.623719	8578395149.566286	
326	1000.000000	8578491680.577212	8578395409.297784	
327	1000.000000	8578491732.424257	8578395526.192834	
328	1000.000000	8578494184.716289	8578394914.235287	
329	1000.000000	8578492837.473463	8578394804.670017	
330	1000.000000	8578493781.389964	8578394684.932130	
331	1000.000000	8578493732.028133	8578394696.941298	
332	1000.000000	8578488534.134974	8578394610.204672	
333	1000.000000	8578487992.088957	8578394291.522895	
334	1000.000000	8578489111.652598	8578394408.357047	
335	1000.000000	8578489263.782765	8578394074.464772	
336	1000.000000	8578486481.934869	8578393980.260846	
337	1000.000000	8578485025.212937	8578393748.330438	
338	1000.000000	8578489048.522135	8578393820.506168	
339	1000.000000	8578487142.191479	8578393257.542042	
340	1000.000000	8578485776.755384	8578393151.776613	
341	1000.000000	8578487909.005403	8578392866.674066	
342	1000.000000	8578485938.842917	8578392874.485731	
343	1000.000000	8578486818.947959	8578393119.208220	
344	1000.000000	8578485419.856876	8578392857.960903	
345	1000.000000	8578481540.826870	8578392908.220682	
346	1000.000000	8578483992.430583	8578393579.906759	
347	1000.000000	8578485490.131761	8578394471.509953	
348	1000.000000	8578489621.962579	8578394008.400314	
349	1000.000000	8578485377.748818	8578393907.819228	
350	1000.000000	8578481979.973264	8578393459.917672	
351	1000.000000	8578479940.521875	8578393087.252660	
352	1000.000000	8578481387.298369	8578392373.421682	
353	1000.000000	8578483595.032460	8578392402.907887	
354	1000.000000	8578481912.411732	8578392713.129496	
355	1000.000000	8578485998.310895	8578393153.098379	
356	1000.000000	8578483156.996203	8578392418.444534	
357	1000.000000	8578482123.064530	8578392172.940923	
358	1000.000000	8578481223.370872	8578392607.370266	
359	1000.000000	8578478336.540555	8578392770.716439	
360	1000.000000	8578479019.398695	8578393245.273803	
361	1000.000000	8578479789.866351	8578393826.246673	
362	1000.000000	8578478064.900619	8578393685.086710	
363	1000.000000	8578478021.339564	8578393730.797595	
364	1000.000000	8578476785.137712	8578393672.639621	
365	1000.000000	8578478720.026852	8578394163.743494	
366	1000.000000	8578478240.582091	8578393614.824505	
367	1000.000000	8578479476.985575	8578394047.254626	
368	1000.000000	8578476398.408002	8578394204.999620	
369	1000.000000	8578477537.608098	8578394871.884374	
370	1000.000000	8578477163.024751	8578394924.322515	
371	1000.000000	8578476611.324205	8578395215.082879	
372	1000.000000	8578478224.853985	8578395619.970217	
373	1000.000000	8578479010.430234	8578394946.991812	
374	1000.000000	8578479535.075498	8578395161.819684	
375	1000.000000	8578474012.617620	8578395487.245922	
376	1000.000000	8578476940.531540	8578395663.487653	
377	1000.000000	8578475776.730702	8578394885.278098	
378	1000.000000	8578476800.488480	8578395036.403441	
379	1000.000000	8578475505.287976	8578395023.042548	
380	1000.000000	8578476653.123549	8578395249.152256	
381	1000.000000	8578474596.279375	8578395336.299351	
382	1000.000000	8578474371.970662	8578395416.785008	
383	1000.000000	8578473472.541203	8578395666.734979	
384	1000.000000	8578473913.082417	8578395652.529116	
385	1000.000000	8578472161.593903	8578395563.559449	
386	1000.000000	8578473965.336867	8578395841.212779	
387	1000.000000	8578475757.601560	8578395633.954633	
388	1000.000000	8578474828.586664	8578395666.518452	
389	1000.000000	8578473930.757183	8578395837.241623	
390	1000.000000	8578474020.959871	8578396428.060760	
391	1000.000000	8578471660.552075	8578396141.452445	
392	1000.000000	8578472661.523898	8578395987.238893	
393	1000.000000	8578471219.538205	8578396308.308347	
394	1000.000000	8578474000.106113	8578396687.069238	
395	1000.000000	8578474582.231535	8578396882.423945	
396	1000.000000	8578475208.102216	8578396656.817765	
397	1000.000000	8578472170.600939	8578396708.029918	
398	1000.000000	8578472452.077610	8578396909.938063	
399	1000.000000	8578472858.563732	8578396841.411288	
400	1000.000000	8578472630.219988	8578396625.714343	
401	1000.000000	8578471443.948681	8578396787.144344	
402	1000.000000	8578471671.243612	8578396780.192067	
403	1000.000000	8578471491.904670	8578396903.689824	
404	1000.000000	8578471041.183163	8578396586.753402	
405	1000.000000	8578470087.456696	8578397006.104570	
406	1000.000000	8578470708.567053	8578397395.543591	
407	1000.000000	8578472465.063913	8578397482.460423	
408	1000.000000	8578471637.182673	8578397397.242312	
409	1000.000000	8578468197.365496	8578396934.185122	
410	1000.000000	8578468160.803411	8578396986.247174	
411	1000.000000	8578467628.356875	8578397567.540030	
412	1000.000000	8578469418.560034	8578397235.924994	
413	1000.000000	8578470031.896261	8578397630.904807	
414	1000.000000	8578471858.287032	8578397627.123023	
415	1000.000000	8578471474.203919	8578397907.313733	
416	1000.000000	8578470903.422200	8578397485.093261	
417	1000.000000	8578470960.114439	8578396395.037159	
418	1000.000000	8578469221.756057	8578396587.577845	
419	1000.000000	8578469767.649761	8578396480.692367	
420	1000.000000	8578469499.646059	8578397060.230848	
421	1000.000000	8578467980.776760	8578396800.176636	
422	1000.000000	8578469747.398382	8578396965.882203	
423	1000.000000	8578468857.082671	8578396839.687011	
424	1000.000000	8578465549.076764	8578396545.189361	
425	1000.000000	8578465741.559035	8578396537.179700	
426	1000.000000	8578460280.155567	8578396650.186687	
427	1000.000000	8578464460.243132	8578396828.825289	
428	1000.000000	8578464892.960028	8578397019.336702	
429	1000.000000	8578463882.955451	8578397080.108271	
430	1000.000000	8578465220.287005	8578396762.661147	
431	1000.000000	8578464502.206391	8578396527.862413	
432	1000.000000	8578463156.774236	8578396442.838346	
433	1000.000000	8578467767.282670	8578396587.677760	
434	1000.000000	8578467924.149399	8578397003.044279	
435	1000.000000	8578466562.152189	8578397190.138231	
436	1000.000000	8578465358.395472	8578396712.869409	
437	1000.000000	8578464428.684875	8578396394.125462	
438	1000.000000	8578464830.150527	8578396678.779477	
439	1000.000000	8578463001.768275	8578397246.460258	
440	1000.000000	8578463662.324808	8578397257.377855	
441	1000.000000	8578464650.894444	8578397630.047392	
442	1000.000000	8578462673.708971	8578397388.656069	
443	1000.000000	8578461390.517841	8578397556.736544	
444	1000.000000	8578462535.221395	8578397808.524708	
445	1000.000000	8578462068.716697	8578398123.044316	
446	1000.000000	8578462995.950553	8578397731.187771	
447	1000.000000	8578462255.127248	8578397458.036093	
448	1000.000000	8578462516.029760	8578397963.264767	
449	1000.000000	8578462126.085618	8578398226.990697	
450	1000.000000	8578462871.551785	8578398368.779748	
451	1000.000000	8578462796.736350	8578398136.193344	
452	1000.000000	8578461322.480219	8578398132.372700	
453	1000.000000	8578460557.452152	8578398242.725307	
454	1000.000000	8578458957.247518	8578398474.287921	
455	1000.000000	8578462266.768190	8578398551.661637	
456	1000.000000	8578459590.353077	8578398785.011847	
457	1000.000000	8578461166.269750	8578398935.563766	
458	1000.000000	8578461401.362167	8578398875.546728	
459	1000.000000	8578460898.336223	8578398720.333372	
460	1000.000000	8578460931.723763	8578398249.437747	
461	1000.000000	8578459522.664898	8578397972.370597	
462	1000.000000	8578459228.497498	8578397377.953725	
463	1000.000000	8578457951.329150	8578397038.664889	
464	1000.000000	8578456564.467870	8578396990.624065	
465	1000.000000	8578456819.639708	8578397260.001698	
466	1000.000000	8578457270.811498	8578396983.879721	
467	1000.000000	8578457116.955457	8578396897.143128	
468	1000.000000	8578457718.912186	8578396415.408255	
469	1000.000000	8578456661.322164	8578396644.798304	
470	1000.000000	8578457530.598927	8578396932.335003	
471	1000.000000	8578457666.794764	8578396606.408728	
472	1000.000000	8578456373.827264	8578396500.815190	
473	1000.000000	8578456409.380419	8578396504.474267	
474	1000.000000	8578455087.210505	8578396563.180082	
475	1000.000000	8578457252.509012	8578396472.580237	
476	1000.000000	8578455477.571619	8578396641.950761	
477	1000.000000	8578454983.224063	8578395921.078451	
478	1000.000000	8578456743.551585	8578395790.049700	
479	1000.000000	8578458786.410340	8578395891.827909	
480	1000.000000	8578456067.605042	8578395545.866579	
481	1000.000000	8578456043.104963	8578395539.532122	
482	1000.000000	8578455023.432175	8578395710.402436	
483	1000.000000	8578453894.408482	8578395802.339307	
484	1000.000000	8578455277.911295	8578395730.423143	
485	1000.000000	8578455114.241082	8578395754.678761	
486	1000.000000	8578453296.915115	8578395511.825036	
487	1000.000000	8578454321.093442	8578395460.338037	
488	1000.000000	8578452875.832808	8578395010.024440	
489	1000.000000	8578451505.584286	8578395087.418286	
490	1000.000000	8578451206.906465	8578395146.844042	
491	1000.000000	8578453520.693807	8578395427.092704	
492	1000.000000	8578451978.499714	8578395263.335004	
493	1000.000000	8578451985.219395	8578395722.334995	
494	1000.000000	8578450240.027232	8578395750.460593	
495	1000.000000	8578452202.557361	8578395601.960651	
496	1000.000000	8578450541.810090	8578395889.177901	
497	1000.000000	8578451849.734051	8578396364.406355	
498	1000.000000	8578454768.236279	8578396786.993909	
499	1000.000000	8578454183.649341	8578396749.693484	
