0	505.985244	4094416.266239	2153440.885920	
1	977.607271	4130005.783271	2692694.095391	
2	1000.000000	4172876.853141	2965672.239690	
3	1000.000000	4186350.889340	3166596.435264	
4	1000.000000	4194705.503342	3304961.587104	
5	1000.000000	4206744.024407	3395916.557867	
6	1000.000000	4216731.729927	3476261.633256	
7	1000.000000	4230941.494062	3537867.350836	
8	1000.000000	4228771.551327	3590099.283094	
9	1000.000000	4232579.370764	3629941.217659	
10	1000.000000	4228992.939692	3666433.560908	
11	1000.000000	4229572.774374	3696271.534880	
12	1000.000000	4239470.307397	3722754.291250	
13	1000.000000	4247493.959665	3751356.524163	
14	1000.000000	4255306.471511	3773358.744351	
15	1000.000000	4259213.014335	3793298.925596	
16	1000.000000	4263210.738310	3817144.634969	
17	1000.000000	4261866.619610	3834121.269446	
18	1000.000000	4267922.772768	3849811.788747	
19	1000.000000	4262375.692172	3863023.726649	
20	1000.000000	4260717.729859	3877228.118147	
21	1000.000000	4262016.050018	3894815.702102	
22	1000.000000	4267590.387791	3906975.641142	
23	1000.000000	4264216.825943	3915627.124717	
24	1000.000000	4267870.138839	3929631.361230	
25	1000.000000	4270300.528731	3938349.184852	
26	1000.000000	4266300.714846	3952466.731979	
27	1000.000000	4269919.050890	3960759.916022	
28	1000.000000	4271829.879268	3970513.473617	
29	1000.000000	4272477.113489	3979057.844598	
30	1000.000000	4273108.053981	3983233.998921	
31	1000.000000	4269939.883173	3990995.668656	
32	1000.000000	4269383.940826	3999297.255359	
33	1000.000000	4270590.919222	4005947.842073	
34	1000.000000	4272508.803158	4011493.345291	
35	1000.000000	4271990.703014	4017543.061910	
36	1000.000000	4268713.528346	4023605.695130	
37	1000.000000	4271791.486556	4029604.554430	
38	1000.000000	4275211.411867	4035532.557391	
39	1000.000000	4274900.140663	4040749.810840	
40	1000.000000	4273777.375203	4043056.552886	
41	1000.000000	4273881.204944	4046160.028528	
42	1000.000000	4273762.892353	4053176.037169	
43	1000.000000	4273739.697460	4058326.960570	
44	1000.000000	4272555.107066	4062811.163781	
45	1000.000000	4274858.752388	4066703.766519	
46	1000.000000	4275854.394982	4069585.573174	
47	1000.000000	4275926.534072	4073711.597128	
48	1000.000000	4278616.855254	4077077.275356	
49	1000.000000	4278385.962355	4081426.177167	
50	1000.000000	4278031.322375	4084619.563428	
51	1000.000000	4278073.376642	4086383.155198	
52	1000.000000	4278606.038637	4087487.523434	
53	1000.000000	4282635.802500	4095849.809144	
54	1000.000000	4278723.110266	4099853.354761	
55	1000.000000	4278514.262279	4102230.670667	
56	1000.000000	4277558.378268	4106060.138666	
57	1000.000000	4279964.771479	4109990.981481	
58	1000.000000	4280784.302576	4110012.005477	
59	1000.000000	4282497.281677	4114208.616919	
60	1000.000000	4282443.018096	4116846.886369	
61	1000.000000	4280637.841509	4120312.324100	
62	1000.000000	4281111.932662	4123976.424784	
63	1000.000000	4282748.977408	4127591.347892	
64	1000.000000	4282118.943367	4130461.999428	
65	1000.000000	4280608.093469	4130775.202957	
66	1000.000000	4280151.787038	4134490.293052	
67	1000.000000	4280699.109504	4136192.196176	
68	1000.000000	4282025.249627	4138330.721954	
69	1000.000000	4281741.182557	4138568.209786	
70	1000.000000	4281029.581908	4142179.373950	
71	1000.000000	4280471.693045	4144543.320882	
72	1000.000000	4284446.441669	4145012.270645	
73	1000.000000	4284083.380129	4144722.328700	
74	1000.000000	4283930.208224	4144766.600499	
75	1000.000000	4284060.077278	4144304.583083	
76	1000.000000	4283846.399035	4147473.205814	
77	1000.000000	4282688.910572	4148522.417584	
78	1000.000000	4281569.446045	4150263.494095	
79	1000.000000	4282689.706108	4151425.205976	
80	1000.000000	4282688.780378	4151780.419075	
81	1000.000000	4283260.350064	4153301.873889	
82	1000.000000	4284303.432397	4155647.645634	
83	1000.000000	4284979.156546	4155840.922096	
84	1000.000000	4285386.465434	4157418.501509	
85	1000.000000	4284656.917761	4159312.462448	
86	1000.000000	4285010.836804	4157682.303878	
87	1000.000000	4283901.209755	4156876.071758	
88	1000.000000	4284282.831374	4157067.246335	
89	1000.000000	4283147.660294	4157074.816365	
90	1000.000000	4282324.754782	4157684.522794	
91	1000.000000	4282105.249204	4160207.898062	
92	1000.000000	4282128.283929	4159694.717674	
93	1000.000000	4282014.353686	4161564.197445	
94	1000.000000	4281482.173070	4161724.799333	
95	1000.000000	4280935.236314	4162384.523789	
96	1000.000000	4280753.074667	4162880.279725	
97	1000.000000	4282383.155735	4162825.479546	
98	1000.000000	4283271.050129	4163120.912696	
99	1000.000000	4281930.209675	4164664.172030	
100	1000.000000	4281967.140172	4164851.108646	
101	1000.000000	4282026.587109	4166972.467965	
102	1000.000000	4283063.187253	4168812.572101	
103	1000.000000	4281054.499953	4169959.304995	
104	1000.000000	4280078.226663	4170240.475925	
105	1000.000000	4281814.284545	4169896.827487	
106	1000.000000	4280953.874670	4169064.696694	
107	1000.000000	4282251.315896	4171558.557028	
108	1000.000000	4281583.133982	4171836.686136	
109	1000.000000	4280402.365117	4172422.265041	
110	1000.000000	4281489.308694	4175224.124606	
111	1000.000000	4280740.295687	4176507.290391	
112	1000.000000	4280298.558420	4177528.559316	
113	1000.000000	4279461.300512	4178280.746271	
114	1000.000000	4281368.019508	4179883.468516	
115	1000.000000	4283023.051135	4179420.499039	
116	1000.000000	4282525.475913	4182517.816965	
117	1000.000000	4283783.475759	4182723.353466	
118	1000.000000	4283519.402751	4183112.162934	
119	1000.000000	4280419.596598	4184051.424805	
120	1000.000000	4282333.526775	4183729.530851	
121	1000.000000	4279321.221440	4185081.026037	
122	1000.000000	4278591.563363	4185170.795435	
123	1000.000000	4282565.458972	4187346.527111	
124	1000.000000	4281565.701190	4187534.209544	
125	1000.000000	4280423.262802	4189079.467301	
126	1000.000000	4280604.672518	4188847.743282	
127	1000.000000	4277766.182275	4190083.567837	
128	1000.000000	4277353.570855	4190013.349073	
129	1000.000000	4276240.015528	4191471.968342	
130	1000.000000	4277573.771170	4191655.250646	
131	1000.000000	4277622.276256	4190525.885834	
132	1000.000000	4277105.102460	4190297.865398	
133	1000.000000	4277347.964682	4191784.728579	
134	1000.000000	4277119.729832	4190530.508836	
135	1000.000000	4281092.201042	4191426.912633	
136	1000.000000	4278132.440802	4192916.172253	
137	1000.000000	4277315.987323	4192215.703189	
138	1000.000000	4276873.476269	4192597.212953	
139	1000.000000	4274510.315888	4193988.744883	
140	1000.000000	4275914.000689	4194371.857263	
141	1000.000000	4276311.974459	4194471.819436	
142	1000.000000	4277273.176551	4195813.768258	
143	1000.000000	4277642.614598	4196131.026302	
144	1000.000000	4272718.745496	4196883.758619	
145	1000.000000	4274844.106792	4196861.271723	
146	1000.000000	4277703.031877	4195948.481247	
147	1000.000000	4276681.793268	4197203.308105	
148	1000.000000	4276443.523253	4198003.644491	
149	1000.000000	4279180.048227	4196998.212402	
150	1000.000000	4278574.212070	4198696.978013	
151	1000.000000	4279066.432508	4200302.590155	
152	1000.000000	4275561.335793	4199655.625802	
153	1000.000000	4273560.754884	4200214.029929	
154	1000.000000	4275857.722326	4201305.594067	
155	1000.000000	4274895.017315	4202258.015706	
156	1000.000000	4275847.567088	4203488.666371	
157	1000.000000	4276188.026563	4203303.438715	
158	1000.000000	4276891.628854	4203752.404328	
159	1000.000000	4277452.855268	4205389.552429	
160	1000.000000	4278490.501834	4205311.488051	
161	1000.000000	4275724.021644	4205947.207981	
162	1000.000000	4277130.988426	4206068.728634	
163	1000.000000	4277198.530369	4207373.218606	
164	1000.000000	4273775.891281	4207153.207597	
165	1000.000000	4274834.767680	4207507.580557	
166	1000.000000	4273211.459607	4207978.387836	
167	1000.000000	4274099.409739	4208738.487085	
168	1000.000000	4276147.648783	4209551.827127	
169	1000.000000	4276336.546040	4209463.243306	
170	1000.000000	4275340.823447	4209490.323413	
171	1000.000000	4274409.888936	4209519.764619	
172	1000.000000	4273573.002453	4210438.160196	
173	1000.000000	4274747.251318	4210758.517061	
174	1000.000000	4275561.061693	4209856.590447	
175	1000.000000	4275313.378015	4209839.974041	
176	1000.000000	4276122.271100	4210379.414911	
177	1000.000000	4274101.781310	4210641.127106	
178	1000.000000	4276377.623163	4211065.466393	
179	1000.000000	4275226.963149	4210889.574825	
180	1000.000000	4274204.106365	4210476.535070	
181	1000.000000	4274129.380902	4208199.689058	
182	1000.000000	4273265.744687	4208427.294107	
183	1000.000000	4272214.189856	4210379.572745	
184	1000.000000	4272387.945187	4211463.388526	
185	1000.000000	4272657.488837	4211298.885713	
186	1000.000000	4273456.730913	4211099.941598	
187	1000.000000	4273260.780978	4211920.331151	
188	1000.000000	4273467.689907	4212244.473816	
189	1000.000000	4273338.204232	4212510.612411	
190	1000.000000	4273396.321619	4213226.389595	
191	1000.000000	4272443.315105	4212402.790603	
192	1000.000000	4275875.944826	4212416.842141	
193	1000.000000	4276721.091468	4212362.720157	
194	1000.000000	4276577.344593	4212530.008344	
195	1000.000000	4275495.737600	4213597.684378	
196	1000.000000	4276234.913552	4214223.058389	
197	1000.000000	4275765.987691	4214779.097695	
198	1000.000000	4276210.749301	4214069.609290	
199	1000.000000	4276396.630509	4214677.278399	
200	1000.000000	4276175.178158	4214327.762047	
201	1000.000000	4274831.392059	4214608.273241	
202	1000.000000	4274701.415906	4215042.861703	
203	1000.000000	4274952.228138	4215167.688336	
204	1000.000000	4275832.060889	4215483.175852	
205	1000.000000	4275467.400075	4216409.640936	
206	1000.000000	4275228.455034	4216505.108456	
207	1000.000000	4275396.964226	4215945.901446	
208	1000.000000	4275445.089465	4217854.014097	
209	1000.000000	4274659.228340	4218189.591328	
210	1000.000000	4272702.552178	4217519.097852	
211	1000.000000	4277541.607206	4217701.590097	
212	1000.000000	4277538.818069	4216402.272602	
213	1000.000000	4278357.888791	4216754.311164	
214	1000.000000	4276872.173841	4217239.883114	
215	1000.000000	4276156.742124	4215921.046175	
216	1000.000000	4273556.294694	4215048.726567	
217	1000.000000	4272384.742848	4214951.579891	
218	1000.000000	4272559.871642	4216693.748700	
219	1000.000000	4271599.860956	4216842.831862	
220	1000.000000	4270633.955352	4215464.051889	
221	1000.000000	4271068.288323	4217516.485944	
222	1000.000000	4271497.504191	4217287.886191	
223	1000.000000	4271523.456682	4218505.585523	
224	1000.000000	4271640.450754	4217803.990066	
225	1000.000000	4271973.903760	4218188.749101	
226	1000.000000	4271189.933676	4219540.797719	
227	1000.000000	4271080.950454	4219498.013771	
228	1000.000000	4271398.467656	4219175.667432	
229	1000.000000	4272010.783237	4218307.755551	
230	1000.000000	4271827.035918	4220206.006316	
231	1000.000000	4271500.607821	4219843.535321	
232	1000.000000	4271251.709402	4218592.718694	
233	1000.000000	4270338.487734	4219106.774829	
234	1000.000000	4271404.200936	4218813.692009	
235	1000.000000	4270533.263424	4219671.141403	
236	1000.000000	4271430.910655	4218979.333603	
237	1000.000000	4273472.965474	4219918.047740	
238	1000.000000	4273388.700437	4218189.511019	
239	1000.000000	4271769.956106	4218398.677568	
240	1000.000000	4271820.075690	4219309.376212	
241	1000.000000	4271633.663769	4218730.375403	
242	1000.000000	4272173.150497	4220025.559355	
243	1000.000000	4272932.127226	4219722.158639	
244	1000.000000	4273283.880403	4218401.736900	
245	1000.000000	4272306.325108	4220266.967609	
246	1000.000000	4271487.878199	4220285.704380	
247	1000.000000	4271911.438648	4221036.585597	
248	1000.000000	4273671.228614	4221593.910184	
249	1000.000000	4272697.077018	4221509.521561	
250	1000.000000	4272100.662632	4221899.287842	
251	1000.000000	4271783.100387	4220332.319463	
252	1000.000000	4270063.612806	4220309.499802	
253	1000.000000	4271468.287140	4220327.943945	
254	1000.000000	4271275.692587	4220367.156026	
255	1000.000000	4269405.922607	4220321.360695	
256	1000.000000	4269450.506047	4221413.909975	
257	1000.000000	4270653.481956	4222705.679358	
258	1000.000000	4269236.415263	4221678.556471	
259	1000.000000	4269586.968076	4222943.018769	
260	1000.000000	4270912.533565	4223302.766924	
261	1000.000000	4269692.757035	4222103.530524	
262	1000.000000	4269284.778776	4221729.337756	
263	1000.000000	4269133.642205	4221910.870254	
264	1000.000000	4269006.313947	4221894.222068	
265	1000.000000	4268978.860581	4222570.043693	
266	1000.000000	4269458.046571	4222537.057492	
267	1000.000000	4270275.281649	4222954.665162	
268	1000.000000	4270971.354807	4223399.884278	
269	1000.000000	4269801.237714	4223436.590376	
270	1000.000000	4270232.991419	4223219.985742	
271	1000.000000	4270128.619150	4223063.144608	
272	1000.000000	4269971.186758	4223941.716268	
273	1000.000000	4269736.836069	4223662.192222	
274	1000.000000	4271082.501223	4223386.230608	
275	1000.000000	4270235.593217	4223115.073255	
276	1000.000000	4270579.417918	4224741.860114	
277	1000.000000	4270332.089174	4224014.713620	
278	1000.000000	4270643.018972	4222363.301259	
279	1000.000000	4269083.615077	4222815.193239	
280	1000.000000	4268949.635946	4222537.098376	
281	1000.000000	4268802.523751	4222838.474739	
282	1000.000000	4268574.624818	4223131.801774	
283	1000.000000	4268427.783247	4223049.383091	
284	1000.000000	4267547.705830	4222842.370292	
285	1000.000000	4265593.759429	4222595.372127	
286	1000.000000	4264530.783508	4224503.647072	
287	1000.000000	4264939.707014	4224946.266295	
288	1000.000000	4265252.835705	4225401.351005	
289	1000.000000	4265494.541021	4225847.331652	
290	1000.000000	4265681.888559	4226145.276778	
291	1000.000000	4265582.851138	4225699.870772	
292	1000.000000	4265511.493122	4225961.976491	
293	1000.000000	4265353.051210	4225199.395127	
294	1000.000000	4265377.476706	4226216.470631	
295	1000.000000	4265128.014672	4226512.208836	
296	1000.000000	4265678.649922	4226808.534036	
297	1000.000000	4264570.530393	4226107.015504	
298	1000.000000	4264687.042261	4226650.637163	
299	1000.000000	4264647.400358	4227991.654393	
300	1000.000000	4264715.076216	4227985.859044	
301	1000.000000	4264927.757787	4227987.902373	
302	1000.000000	4264839.352961	4226688.485913	
303	1000.000000	4264925.076962	4226881.678106	
304	1000.000000	4265098.682073	4227017.687342	
305	1000.000000	4265105.400916	4225994.974683	
306	1000.000000	4264826.190992	4227868.511444	
307	1000.000000	4264165.055322	4228005.014556	
308	1000.000000	4263939.025931	4226891.907015	
309	1000.000000	4264202.487055	4226632.521384	
310	1000.000000	4263910.421529	4226734.825834	
311	1000.000000	4263889.645411	4226545.131918	
312	1000.000000	4264272.187077	4227936.615445	
313	1000.000000	4264728.049925	4226585.273461	
314	1000.000000	4264611.395739	4226710.077824	
315	1000.000000	4264183.414219	4226417.567717	
316	1000.000000	4264413.019028	4227481.195748	
317	1000.000000	4264309.399191	4227147.106814	
318	1000.000000	4264361.596660	4227437.973925	
319	1000.000000	4264387.129438	4227602.871940	
320	1000.000000	4264345.102510	4227414.326997	
321	1000.000000	4264263.235377	4226878.440520	
322	1000.000000	4263567.936241	4227555.436415	
323	1000.000000	4263428.824837	4226713.607262	
324	1000.000000	4263533.946311	4228450.198678	
325	1000.000000	4264019.219952	4228044.388086	
326	1000.000000	4263819.367114	4228524.947327	
327	1000.000000	4263178.302117	4228682.313285	
328	1000.000000	4263026.191543	4228868.314559	
329	1000.000000	4263427.157763	4229561.163907	
330	1000.000000	4263533.916768	4230117.715968	
331	1000.000000	4263733.646216	4230362.918432	
332	1000.000000	4263049.189178	4229215.210679	
333	1000.000000	4262820.060259	4230426.426610	
334	1000.000000	4262896.903973	4229572.368991	
335	1000.000000	4262307.686054	4229832.829295	
336	1000.000000	4262655.183650	4230280.762742	
337	1000.000000	4262580.720091	4229317.477275	
338	1000.000000	4262626.522630	4230571.899146	
339	1000.000000	4262819.132919	4230762.015992	
340	1000.000000	4262813.270135	4230321.545047	
341	1000.000000	4262619.305495	4230350.348585	
342	1000.000000	4264631.525492	4230477.396627	
343	1000.000000	4265286.295256	4230345.815206	
344	1000.000000	4265422.803436	4230726.479785	
345	1000.000000	4265378.634979	4230470.146650	
346	1000.000000	4265400.625060	4231107.085071	
347	1000.000000	4265427.808675	4231083.684748	
348	1000.000000	4264144.376730	4230558.012313	
349	1000.000000	4263854.947806	4230602.990646	
350	1000.000000	4263751.724304	4230009.112385	
351	1000.000000	4263667.111067	4229676.081000	
352	1000.000000	4264655.752666	4229712.554276	
353	1000.000000	4266294.383093	4229256.659317	
354	1000.000000	4263723.268397	4231095.569972	
355	1000.000000	4262960.785517	4230745.355459	
356	1000.000000	4263701.721065	4230509.394701	
357	1000.000000	4263386.408343	4229873.308925	
358	1000.000000	4263242.344982	4229491.338221	
359	1000.000000	4264248.844359	4230671.074620	
360	1000.000000	4262494.211769	4230585.294827	
361	1000.000000	4261108.205941	4230065.126515	
362	1000.000000	4260931.873855	4228418.441899	
363	1000.000000	4261319.428826	4229097.080612	
364	1000.000000	4261581.367517	4229425.890036	
365	1000.000000	4260855.721311	4228090.768444	
366	1000.000000	4260678.001723	4228096.413940	
367	1000.000000	4260252.109822	4228474.912929	
368	1000.000000	4260128.510200	4227788.385515	
369	1000.000000	4259981.910758	4230172.322424	
370	1000.000000	4259078.024388	4230298.772181	
371	1000.000000	4259100.056898	4230744.326863	
372	1000.000000	4257795.192096	4231206.676394	
373	1000.000000	4258206.173451	4230363.018915	
374	1000.000000	4257603.104094	4230327.695383	
375	1000.000000	4257538.827328	4229084.326182	
376	1000.000000	4258444.294990	4229488.331723	
377	1000.000000	4258332.013116	4229922.663749	
378	1000.000000	4258415.662375	4230087.223797	
379	1000.000000	4257714.178307	4229073.511451	
380	1000.000000	4258100.712150	4229727.510214	
381	1000.000000	4257850.337938	4229283.579125	
382	1000.000000	4257914.194527	4228624.938731	
383	1000.000000	4258490.967657	4228918.917137	
384	1000.000000	4258065.731907	4229969.689338	
385	1000.000000	4257955.639983	4229393.694916	
386	1000.000000	4258008.122486	4229046.762818	
387	1000.000000	4257630.369319	4229889.510707	
388	1000.000000	4257527.056185	4231350.871063	
389	1000.000000	4257328.936602	4231249.109590	
390	1000.000000	4257236.338720	4231075.795843	
391	1000.000000	4257565.148967	4231299.695852	
392	1000.000000	4257318.126805	4231608.471982	
393	1000.000000	4257820.449542	4231535.443068	
394	1000.000000	4257227.463245	4233206.396844	
395	1000.000000	4256821.064365	4231863.592045	
396	1000.000000	4257182.058953	4232118.713156	
397	1000.000000	4256914.969882	4231434.752409	
398	1000.000000	4256472.941745	4231744.008276	
399	1000.000000	4256675.750477	4230613.315982	
400	1000.000000	4256101.875147	4231620.173292	
401	1000.000000	4257263.945647	4230470.013435	
402	1000.000000	4256915.715177	4232075.826176	
403	1000.000000	4256379.987635	4231820.859797	
404	1000.000000	4256087.425996	4231245.381189	
405	1000.000000	4256009.139425	4230640.077339	
406	1000.000000	4256011.936299	4230481.076737	
407	1000.000000	4256271.284944	4230737.621586	
408	1000.000000	4257229.468761	4231486.003559	
409	1000.000000	4256708.894389	4231419.027135	
410	1000.000000	4256592.688852	4232888.006133	
411	1000.000000	4256558.687939	4232634.443405	
412	1000.000000	4256654.302649	4231383.676448	
413	1000.000000	4256392.405492	4231671.535217	
414	1000.000000	4256974.140221	4232660.641552	
415	1000.000000	4256770.480189	4231779.168552	
416	1000.000000	4255935.647362	4231015.427780	
417	1000.000000	4255252.417911	4230116.332474	
418	1000.000000	4255079.553322	4231385.311197	
419	1000.000000	4254806.875531	4233056.703010	
420	1000.000000	4255362.048578	4232154.725595	
421	1000.000000	4255313.552502	4232182.906123	
422	1000.000000	4255033.239664	4232065.239712	
423	1000.000000	4255140.230910	4231718.440061	
424	1000.000000	4254575.022126	4233063.123127	
425	1000.000000	4254543.065637	4233001.015497	
426	1000.000000	4255484.333714	4233142.264406	
427	1000.000000	4254978.943031	4233151.671440	
428	1000.000000	4253830.359672	4232591.258350	
429	1000.000000	4253357.435173	4232966.208275	
430	1000.000000	4253547.432764	4232970.068835	
431	1000.000000	4253240.919413	4231221.995752	
432	1000.000000	4253419.805985	4232162.682965	
433	1000.000000	4253722.106502	4232429.656302	
434	1000.000000	4255179.477502	4232145.729683	
435	1000.000000	4255571.811853	4231707.650528	
436	1000.000000	4255562.006044	4231455.192728	
437	1000.000000	4254576.742606	4230653.278920	
438	1000.000000	4253812.961864	4230469.767087	
439	1000.000000	4255068.032590	4231124.717662	
440	1000.000000	4253476.218142	4229658.568158	
441	1000.000000	4253204.936220	4228987.150895	
442	1000.000000	4253076.287199	4230432.118128	
443	1000.000000	4252858.958036	4228880.780541	
444	1000.000000	4252651.850397	4229781.510368	
445	1000.000000	4254168.761792	4229948.176615	
446	1000.000000	4253284.301012	4230543.798709	
447	1000.000000	4253319.623632	4230742.195022	
448	1000.000000	4253578.765558	4231386.472310	
449	1000.000000	4253598.473364	4231833.415483	
450	1000.000000	4253127.190447	4231245.645309	
451	1000.000000	4253340.548848	4232076.850848	
452	1000.000000	4254619.554615	4231450.860135	
453	1000.000000	4254605.059874	4233024.532424	
454	1000.000000	4254388.208098	4233072.169591	
455	1000.000000	4254652.628015	4232787.971004	
456	1000.000000	4255127.530225	4232950.590134	
457	1000.000000	4254161.868792	4232316.565933	
458	1000.000000	4252444.418346	4232815.010112	
459	1000.000000	4252460.978267	4233593.078047	
460	1000.000000	4252219.655589	4233592.840186	
461	1000.000000	4252501.627867	4233612.255216	
462	1000.000000	4252552.935239	4234284.644937	
463	1000.000000	4252459.017890	4233694.566669	
464	1000.000000	4252497.547966	4232873.111635	
465	1000.000000	4252588.321894	4234024.637387	
466	1000.000000	4252565.606539	4233119.716874	
467	1000.000000	4252298.958644	4233528.044049	
468	1000.000000	4251985.562717	4232153.704389	
469	1000.000000	4252291.412070	4233982.728002	
470	1000.000000	4251972.137030	4233689.212851	
471	1000.000000	4251370.555527	4233465.878433	
472	1000.000000	4251080.497640	4233478.134932	
473	1000.000000	4251391.271189	4232703.183729	
474	1000.000000	4252045.754979	4232887.005044	
475	1000.000000	4251682.433935	4232180.431113	
476	1000.000000	4251624.144337	4234112.419492	
477	1000.000000	4251647.528768	4234588.641975	
478	1000.000000	4251701.108181	4234390.567999	
479	1000.000000	4251860.224575	4234097.532792	
480	1000.000000	4251700.216306	4234570.955801	
481	1000.000000	4252897.318747	4234735.451710	
482	1000.000000	4252861.584091	4234317.653273	
483	1000.000000	4253033.814749	4234866.400187	
484	1000.000000	4252803.585709	4235367.287565	
485	1000.000000	4252500.449612	4235488.919621	
486	1000.000000	4252629.532443	4235888.166258	
487	1000.000000	4252430.663545	4235571.514322	
488	1000.000000	4252298.434703	4235652.272118	
489	1000.000000	4253066.734784	4235556.269065	
490	1000.000000	4252534.176690	4234871.570007	
491	1000.000000	4252301.078569	4235877.905395	
492	1000.000000	4250979.091480	4236468.751162	
493	1000.000000	4250810.904785	4235251.093459	
494	1000.000000	4251869.313858	4235020.107275	
495	1000.000000	4251841.837606	4234982.189249	
496	1000.000000	4250570.404605	4236575.283870	
497	1000.000000	4250339.401216	4234742.042508	
498	1000.000000	4250339.724883	4235965.208082	
499	1000.000000	4250534.769350	4235778.855343	
