0	2.631443	67.706217	31.884408	
1	3.027297	67.860170	36.053652	
2	5.348290	70.278703	39.379739	
3	7.315657	72.041993	42.459775	
4	8.294700	72.618947	44.826277	
5	10.539887	73.447273	47.151143	
6	13.499153	73.344420	48.945340	
7	13.849007	73.894033	50.518869	
8	15.005973	74.228300	51.900769	
9	15.445063	74.773683	53.070442	
10	18.000477	75.320827	54.301571	
11	18.446043	75.551947	54.993159	
12	19.991707	75.716577	55.947647	
13	21.156453	75.703847	56.752435	
14	21.538470	75.573923	57.172125	
15	19.877727	75.897737	57.574953	
16	21.077073	75.803013	58.047744	
17	21.230577	75.838287	58.377775	
18	21.853743	75.817833	58.683961	
19	22.891180	76.070313	59.205177	
20	24.663583	75.860257	59.566382	
21	25.761323	75.880957	59.891433	
22	22.999590	76.148780	60.127251	
23	23.941217	76.162200	60.294267	
24	23.636887	76.122070	60.713122	
25	23.493893	76.106643	61.147469	
26	25.909523	76.137690	61.326927	
27	27.336767	76.449497	61.570259	
28	26.303523	76.349857	61.952142	
29	25.998650	76.458450	62.071940	
30	26.994860	76.470897	62.043958	
31	28.136677	76.545413	62.461852	
32	28.280710	76.531947	62.755681	
33	30.699053	76.921287	63.205016	
34	29.427590	76.847823	63.492696	
35	29.844543	76.564500	63.865734	
36	29.670130	76.839720	64.058013	
37	31.969950	76.822857	64.164686	
38	31.638707	76.872220	64.587622	
39	32.186193	76.826160	64.900779	
40	33.940007	76.813967	65.359723	
41	35.102593	76.827547	65.800651	
42	36.630223	76.951237	65.975343	
43	35.611867	76.945063	66.103168	
44	35.811413	76.959020	66.327681	
45	35.972670	77.016230	66.707013	
46	36.033620	77.134320	66.825906	
47	36.793803	76.931497	67.149449	
48	37.848687	77.103730	67.148650	
49	38.686790	77.056620	67.540126	
50	39.901937	77.021360	67.756994	
51	41.727527	76.991717	68.021956	
52	39.872013	77.112430	68.176518	
53	41.684213	77.099757	68.412736	
54	42.790147	77.070840	68.662987	
55	43.157887	77.155150	68.858558	
56	43.784477	77.182890	69.156056	
57	44.113420	77.207143	69.450447	
58	44.339253	77.203933	69.624321	
59	46.224297	77.105377	69.831817	
60	45.912033	77.014770	69.875035	
61	47.008180	77.064480	69.980121	
62	45.175893	77.182897	70.000927	
63	46.956473	77.094880	70.095088	
64	48.172973	77.145597	70.208953	
65	48.069753	77.151977	70.260167	
66	49.177647	77.125377	70.506668	
67	49.474407	77.310540	70.652016	
68	49.669103	77.217620	70.957399	
69	49.035083	77.277627	71.132697	
70	50.334713	77.313817	71.265047	
71	51.661913	77.233807	71.337404	
72	52.929157	77.212770	71.480854	
73	51.784717	77.235220	71.612097	
74	53.174737	77.296943	71.674715	
75	53.262100	77.257367	71.756127	
76	53.582150	77.272843	71.725634	
77	55.011263	77.271367	71.856212	
78	55.822373	77.285327	71.944445	
79	56.373027	77.333020	72.061012	
80	55.943303	77.325853	72.203120	
81	56.841857	77.411913	72.286099	
82	57.378883	77.321470	72.355383	
83	57.567467	77.392120	72.526165	
84	57.938057	77.368923	72.623401	
85	58.404247	77.419240	72.832793	
86	58.498837	77.402450	72.846137	
87	59.568323	77.408623	72.910576	
88	60.290900	77.375740	72.998038	
89	60.622867	77.401600	73.050165	
90	59.913053	77.351963	73.116436	
91	59.695783	77.417957	73.169799	
92	60.807387	77.367160	73.286687	
93	61.474087	77.333073	73.359190	
94	61.739540	77.498713	73.427957	
95	62.301843	77.468407	73.489438	
96	62.425367	77.390850	73.450586	
97	61.768170	77.493713	73.550156	
98	63.250490	77.520013	73.586947	
99	62.671890	77.485353	73.650199	
100	62.496953	77.449837	73.631732	
101	63.339687	77.436990	73.609024	
102	63.434680	77.356243	73.650640	
103	63.622803	77.459387	73.676005	
104	63.799437	77.346753	73.732876	
105	64.101470	77.446127	73.777893	
106	64.403447	77.422843	73.787606	
107	64.415723	77.446367	73.833367	
108	64.799317	77.384047	73.911349	
109	65.348780	77.329800	73.986351	
110	65.282450	77.398250	74.046888	
111	64.800700	77.420353	74.039856	
112	64.805900	77.413260	74.058861	
113	65.689437	77.433567	74.139137	
114	65.981040	77.353323	74.260201	
115	65.928560	77.350093	74.247958	
116	66.321020	77.292677	74.251337	
117	66.657277	77.322267	74.322630	
118	66.890987	77.322000	74.429198	
119	67.032543	77.262833	74.427330	
120	67.157843	77.295693	74.463484	
121	68.118773	77.295607	74.515808	
122	67.545597	77.349167	74.545781	
123	68.068063	77.313410	74.613414	
124	67.550753	77.326530	74.630701	
125	67.579137	77.299943	74.640327	
126	67.658397	77.306743	74.683717	
127	68.296010	77.259450	74.707780	
128	68.582497	77.212137	74.752452	
129	68.792183	77.292563	74.758505	
130	68.922787	77.279710	74.776686	
131	68.775377	77.271933	74.786497	
132	68.336340	77.242847	74.895472	
133	69.103450	77.245450	74.980023	
134	68.752350	77.268287	75.034048	
135	69.031077	77.345797	75.070404	
136	70.160390	77.291930	75.094251	
137	69.531760	77.232357	75.110040	
138	69.452737	77.315440	75.162093	
139	69.581160	77.269560	75.227566	
140	69.229730	77.290280	75.221607	
141	69.785053	77.280077	75.248197	
142	69.744000	77.319197	75.253153	
143	70.091497	77.339850	75.283547	
144	70.202140	77.326523	75.294202	
145	70.514877	77.336220	75.339161	
146	70.558960	77.332957	75.334053	
147	70.573930	77.349627	75.356811	
148	70.613233	77.323393	75.395315	
149	70.643483	77.330307	75.426870	
150	70.604333	77.316460	75.426477	
151	70.862810	77.350067	75.455670	
152	70.963950	77.299623	75.492976	
153	71.785250	77.330080	75.534194	
154	71.736323	77.320703	75.553892	
155	71.791323	77.306577	75.573051	
156	71.845520	77.373657	75.586073	
157	71.167113	77.336707	75.613129	
158	71.200117	77.323193	75.623376	
159	71.624667	77.313383	75.646194	
160	71.863897	77.276900	75.639943	
161	71.923203	77.266543	75.643016	
162	71.633820	77.285403	75.629562	
163	71.754593	77.278690	75.681323	
164	71.846007	77.346050	75.673680	
165	72.162343	77.319477	75.707946	
166	72.623893	77.352950	75.730564	
167	72.192493	77.336300	75.698829	
168	72.890583	77.319490	75.720723	
169	72.255637	77.263173	75.733373	
170	72.666697	77.336087	75.738852	
171	72.438617	77.283180	75.766055	
172	72.614570	77.250460	75.781550	
173	72.645727	77.262960	75.792830	
174	72.248110	77.249553	75.797001	
175	72.114463	77.256067	75.820848	
176	72.072877	77.249380	75.835428	
177	72.177447	77.258570	75.859960	
178	72.116087	77.272890	75.857187	
179	72.761447	77.225197	75.870336	
180	72.780720	77.233057	75.871210	
181	73.432350	77.223087	75.889411	
182	73.291090	77.229553	75.906937	
183	73.547330	77.192617	75.908224	
184	73.568653	77.196267	75.935325	
185	73.596113	77.179563	75.940567	
186	73.541973	77.199517	75.927383	
187	73.755533	77.219770	75.947350	
188	73.187600	77.236720	75.953757	
189	73.184253	77.209807	75.976456	
190	72.893657	77.176607	75.983100	
191	73.157117	77.166390	75.999532	
192	73.738580	77.170047	75.996557	
193	73.803320	77.166777	75.992519	
194	73.512543	77.159843	76.000307	
195	73.577793	77.169833	76.008923	
196	73.543633	77.173243	75.998815	
197	72.955507	77.149827	76.004164	
198	72.979530	77.166737	76.000373	
199	73.011970	77.156647	75.996442	
200	72.917840	77.163160	75.994551	
201	72.772983	77.153170	76.006989	
202	73.520197	77.119783	76.011745	
203	73.856287	77.122693	76.010178	
204	73.736613	77.122633	76.020002	
205	73.939163	77.125703	76.028104	
206	73.999353	77.112183	76.019062	
207	73.657303	77.105850	76.016360	
208	72.404273	77.109380	76.023101	
209	73.300380	77.119037	76.029986	
210	73.307920	77.112343	76.042903	
211	74.094110	77.099403	76.045841	
212	74.083073	77.096247	76.054803	
213	73.740017	77.105750	76.038091	
214	73.621773	77.095613	76.023476	
215	73.605697	77.149093	76.029745	
216	73.558810	77.132117	76.035170	
217	74.153813	77.136060	76.056438	
218	74.177783	77.135293	76.063413	
219	74.154900	77.125337	76.064290	
220	74.324463	77.135407	76.057896	
221	74.328833	77.132030	76.053087	
222	74.320297	77.145437	76.055733	
223	74.327040	77.145597	76.062924	
224	74.309430	77.095473	76.072714	
225	74.215827	77.075227	76.072321	
226	74.245897	77.102153	76.087221	
227	74.432860	77.092043	76.100778	
228	74.455610	77.122267	76.093901	
229	74.522283	77.078203	76.108390	
230	74.539147	77.054720	76.111537	
231	74.568757	77.078637	76.124078	
232	74.548530	77.088813	76.141552	
233	74.243083	77.065117	76.145467	
234	74.627463	77.051597	76.154540	
235	74.603540	77.065143	76.158023	
236	74.260677	77.078690	76.150603	
237	74.267317	77.048173	76.139001	
238	74.254190	77.034507	76.155079	
239	74.262770	77.048433	76.157648	
240	73.362553	77.069513	76.157635	
241	73.463037	77.079590	76.167522	
242	73.622763	77.045723	76.177756	
243	73.639460	77.039070	76.180538	
244	73.719353	77.066050	76.189569	
245	74.180027	77.052550	76.202521	
246	74.207090	77.045843	76.199160	
247	74.543170	77.066223	76.205587	
248	73.243147	77.059343	76.211107	
249	74.197273	77.055947	76.231210	
250	74.184333	77.066170	76.223585	
251	74.177360	77.055940	76.237849	
252	74.197443	77.059350	76.254502	
253	74.182027	77.059270	76.250081	
254	74.182047	77.062727	76.258130	
255	74.210510	77.045910	76.268448	
256	74.415793	77.042540	76.289411	
257	73.679703	77.045923	76.281046	
258	74.405103	77.045923	76.296879	
259	75.163860	77.035740	76.315339	
260	74.341020	77.042400	76.310937	
261	75.200237	77.042373	76.319276	
262	75.220423	77.042360	76.317311	
263	75.254870	77.032223	76.325990	
264	74.889200	77.025657	76.324449	
265	74.673530	77.022160	76.329301	
266	74.872577	77.012050	76.345856	
267	74.895933	77.025590	76.362816	
268	74.934853	77.022240	76.377174	
269	75.257860	77.019063	76.380973	
270	75.297887	77.015693	76.381300	
271	74.678050	77.015693	76.381675	
272	74.681787	77.005610	76.401070	
273	75.324320	77.008880	76.410635	
274	75.133867	77.015667	76.412474	
275	75.330560	77.022640	76.414503	
276	75.307517	77.015740	76.407224	
277	75.310913	77.019137	76.408954	
278	75.341317	77.019163	76.409452	
279	74.969900	77.019163	76.410519	
280	74.979190	77.022587	76.407334	
281	73.977253	77.052983	76.401134	
282	74.731903	77.052850	76.393631	
283	74.172847	77.052917	76.393445	
284	75.012683	77.022467	76.409440	
285	74.999937	77.029267	76.424020	
286	75.078040	77.019063	76.434940	
287	75.418073	77.025863	76.441371	
288	75.381557	77.029133	76.443549	
289	75.431053	77.025743	76.442897	
290	75.399613	77.032543	76.453580	
291	75.415777	77.025743	76.445019	
292	75.415023	77.015587	76.446820	
293	75.055940	77.005423	76.449465	
294	74.687930	77.025797	76.450071	
295	74.638310	77.012197	76.448111	
296	74.700633	77.005490	76.449000	
297	75.517160	76.998810	76.449399	
298	75.520117	77.005517	76.449988	
299	75.507023	76.998810	76.451372	
300	75.520210	76.995320	76.460472	
301	75.531153	76.998810	76.464823	
302	75.371610	76.995440	76.469037	
303	75.523627	76.985343	76.478212	
304	75.503880	76.981800	76.480394	
305	75.516827	76.998583	76.486217	
306	74.926583	76.995187	76.480623	
307	74.918230	76.984997	76.477175	
308	74.921333	76.991803	76.474274	
309	74.829143	76.991803	76.475893	
310	74.772987	77.022273	76.473635	
311	74.857597	76.995167	76.481648	
312	74.933147	76.978783	76.490814	
313	74.216797	76.968593	76.488351	
314	74.267207	76.985570	76.485490	
315	73.077257	76.981747	76.485118	
316	73.681207	76.985143	76.489646	
317	74.213160	76.964917	76.492489	
318	73.591957	76.971717	76.500308	
319	74.217960	76.971717	76.498068	
320	74.871937	76.964917	76.508565	
321	74.989943	76.964917	76.515536	
322	75.089240	76.968313	76.506432	
323	75.102527	76.964943	76.516495	
324	75.085723	76.964943	76.507564	
325	75.112810	76.954747	76.511405	
326	75.062820	76.944623	76.503865	
327	75.125643	76.937897	76.513751	
328	75.118950	76.954793	76.526480	
329	75.085250	76.944623	76.528391	
330	74.908820	76.951390	76.523596	
331	74.989493	76.947993	76.520327	
332	75.185077	76.947993	76.530869	
333	75.185323	76.954793	76.537466	
334	75.222187	76.947993	76.535872	
335	75.208487	76.947993	76.531839	
336	75.192110	76.947993	76.538815	
337	75.231323	76.947993	76.534248	
338	75.267973	76.947993	76.537832	
339	75.233890	76.944583	76.539252	
340	74.578600	76.944743	76.530424	
341	75.877560	76.944743	76.542944	
342	75.496390	76.941413	76.540279	
343	75.489950	76.941413	76.545402	
344	75.499773	76.934613	76.552054	
345	75.319077	76.934613	76.550708	
346	75.499920	76.928233	76.550893	
347	75.108383	76.928233	76.542794	
348	75.108383	76.928233	76.540118	
349	75.144927	76.935033	76.543774	
350	75.135777	76.928233	76.540036	
351	75.145713	76.928233	76.542491	
352	75.152140	76.955273	76.541233	
353	75.152060	76.928233	76.540256	
354	75.155630	76.928233	76.535583	
355	75.148603	76.924983	76.540681	
356	75.543737	76.925017	76.552371	
357	75.540487	76.925090	76.558300	
358	74.891630	76.931817	76.549631	
359	75.881930	76.914893	76.550744	
360	75.826850	76.925090	76.553397	
361	75.853883	76.928413	76.549335	
362	75.813337	76.918290	76.547382	
363	75.819817	76.918290	76.549405	
364	75.048447	76.918290	76.542879	
365	75.028147	76.924983	76.538903	
366	75.045103	76.921607	76.543830	
367	74.724753	76.921607	76.539100	
368	75.068567	76.914807	76.540103	
369	75.078577	76.921607	76.532635	
370	75.048560	76.914807	76.547090	
371	75.061767	76.918183	76.547125	
372	75.911940	76.914807	76.549993	
373	75.918607	76.914807	76.554052	
374	75.884653	76.914807	76.551861	
375	75.931907	76.914807	76.550066	
376	75.059137	76.918183	76.550661	
377	75.881843	76.924983	76.554565	
378	75.858167	76.911437	76.555162	
379	74.562790	76.911437	76.547837	
380	75.292580	76.914913	76.559388	
381	75.285900	76.908040	76.553409	
382	75.299220	76.911410	76.546936	
383	75.302697	76.911410	76.547481	
384	75.285763	76.918237	76.547194	
385	75.285763	76.914860	76.548237	
386	75.306003	76.918237	76.552753	
387	75.869667	76.911410	76.548030	
388	75.863260	76.911410	76.551115	
389	75.593380	76.918237	76.552774	
390	75.593380	76.914807	76.552310	
391	75.646073	76.908060	76.549657	
392	75.851313	76.908047	76.553139	
393	75.851473	76.914793	76.553503	
394	76.041833	76.914793	76.558518	
395	76.035060	76.908047	76.558559	
396	76.014980	76.914793	76.562008	
397	76.031770	76.908067	76.564780	
398	76.035180	76.904670	76.566708	
399	76.051603	76.904670	76.565588	
400	76.031430	76.911417	76.575624	
401	76.024750	76.911417	76.578867	
402	76.034793	76.908047	76.583420	
403	76.024710	76.904723	76.582342	
404	76.024750	76.911417	76.579168	
405	75.492150	76.911417	76.580190	
406	75.518923	76.911417	76.582518	
407	75.907900	76.911417	76.585405	
408	76.038290	76.894460	76.587123	
409	76.075233	76.897883	76.589118	
410	76.105243	76.914807	76.591683	
411	75.428420	76.914807	76.588979	
412	75.408167	76.908047	76.588412	
413	76.058490	76.897903	76.589777	
414	76.075113	76.880993	76.591988	
415	75.978027	76.891117	76.591180	
416	75.375197	76.891050	76.587090	
417	75.965087	76.894527	76.587963	
418	75.988470	76.891210	76.583368	
419	76.005193	76.884463	76.587876	
420	75.988603	76.887787	76.589096	
421	75.998547	76.891157	76.595115	
422	76.018400	76.891157	76.600143	
423	76.128547	76.884357	76.599554	
424	75.278800	76.891157	76.593032	
425	75.285593	76.894560	76.599006	
426	74.551267	76.884437	76.599903	
427	74.534077	76.867487	76.597720	
428	75.260503	76.867473	76.600074	
429	75.455503	76.881020	76.590014	
430	75.142270	76.867433	76.592411	
431	74.282170	76.870850	76.581097	
432	74.282170	76.867433	76.576601	
433	75.132400	76.867473	76.582824	
434	75.728063	76.867473	76.591640	
435	75.741583	76.860673	76.587912	
436	75.753290	76.864043	76.594748	
437	74.943290	76.867413	76.592967	
438	75.769967	76.870843	76.601341	
439	75.770060	76.857230	76.604325	
440	76.132370	76.857230	76.606764	
441	76.149147	76.884350	76.604811	
442	76.122693	76.884350	76.605744	
443	76.122693	76.880980	76.606240	
444	76.056077	76.884350	76.606128	
445	75.470583	76.884350	76.605904	
446	75.433773	76.884350	76.603831	
447	76.078813	76.877550	76.606267	
448	76.089063	76.877550	76.603718	
449	76.105680	76.884350	76.606259	
450	76.068890	76.910537	76.605059	
451	76.095157	76.917230	76.607326	
452	76.111773	76.897017	76.603699	
453	76.009797	76.897017	76.603092	
454	75.116333	76.900420	76.604457	
455	75.976583	76.887753	76.606639	
456	75.900253	76.887753	76.601992	
457	75.893493	76.887753	76.600592	
458	75.873133	76.884350	76.603783	
459	75.842963	76.937790	76.600523	
460	76.008570	76.930990	76.605822	
461	76.008897	76.880840	76.602569	
462	75.893400	76.877550	76.606774	
463	75.988243	76.867460	76.611659	
464	75.327407	76.870830	76.605511	
465	75.334307	76.870830	76.611326	
466	75.971027	76.864070	76.613382	
467	76.024527	76.870830	76.611507	
468	75.643940	76.860767	76.614735	
469	76.034723	76.860767	76.617559	
470	76.027963	76.860767	76.622395	
471	76.054823	76.860767	76.627853	
472	76.078387	76.860767	76.630800	
473	76.044747	76.860767	76.631354	
474	75.211527	76.860767	76.629216	
475	75.231860	76.860767	76.632754	
476	74.344527	76.860767	76.628781	
477	74.344527	76.860767	76.627725	
478	75.010437	76.853953	76.620647	
479	75.003133	76.860767	76.628585	
480	75.924250	76.840460	76.637256	
481	76.078300	76.840460	76.636035	
482	76.051633	76.847273	76.636132	
483	76.051633	76.847273	76.637236	
484	76.125010	76.847273	76.635001	
485	76.125010	76.847273	76.632573	
486	76.131770	76.847273	76.634595	
487	76.125010	76.847273	76.629611	
488	76.125010	76.850623	76.629699	
489	76.138317	76.850623	76.633697	
490	76.198557	76.850623	76.627976	
491	76.198557	76.850623	76.630559	
492	76.198557	76.850623	76.628463	
493	76.252210	76.850623	76.629362	
494	75.640690	76.850623	76.628166	
495	75.644007	76.850623	76.625489	
496	75.313317	76.850623	76.622563	
497	75.282813	76.850623	76.627009	
498	75.078013	76.850623	76.626436	
499	75.081330	76.850623	76.628008	
