0	62.177974	349.476699	183.660271	
1	67.299882	362.448142	194.811264	
2	75.318855	368.132931	204.640964	
3	80.554529	381.040330	213.775443	
4	83.856830	391.864856	222.563447	
5	89.536826	399.053832	233.167438	
6	96.643932	406.173332	241.995792	
7	101.749715	412.687361	250.643952	
8	109.548036	427.500980	258.089549	
9	110.305378	432.697116	267.469730	
10	117.305661	435.855026	275.446923	
11	121.580117	448.940577	282.355061	
12	123.413808	451.663192	289.820847	
13	129.946394	452.531337	297.732859	
14	141.715561	465.071444	305.999917	
15	154.840241	472.338200	312.527636	
16	159.224302	479.406269	319.574149	
17	164.313811	491.143656	324.828035	
18	168.640751	493.108341	331.310378	
19	168.556500	491.578927	336.581886	
20	175.497951	496.545424	342.504429	
21	183.407384	507.646789	346.424365	
22	185.526357	505.508043	350.968429	
23	190.383881	514.895322	354.857269	
24	190.623154	514.459211	359.883368	
25	194.361321	519.407960	364.477321	
26	210.593942	530.033247	367.972066	
27	211.524623	523.796641	370.919800	
28	212.086733	532.279002	374.159009	
29	209.573241	535.272527	378.055150	
30	217.512933	535.563729	383.212403	
31	226.529326	540.912070	388.009153	
32	223.666750	547.622616	392.782384	
33	228.665738	550.785366	397.982241	
34	234.000682	551.710422	401.517144	
35	241.449000	551.009379	406.192588	
36	240.525961	559.399497	409.462392	
37	249.730335	559.703676	413.193342	
38	250.956361	567.525392	417.182333	
39	252.065583	571.715289	420.808940	
40	263.535781	571.542221	423.418953	
41	268.758642	572.086673	425.218892	
42	271.362839	578.088345	429.726365	
43	272.514921	579.432304	434.355968	
44	275.307615	585.867117	437.345953	
45	270.596619	582.356536	440.059265	
46	271.495080	583.380103	443.061128	
47	287.959288	588.484830	446.506344	
48	288.789175	590.102907	450.010049	
49	289.691847	591.504745	453.744739	
50	290.599568	599.240728	456.789624	
51	300.669077	603.251343	459.907098	
52	300.287240	599.321888	461.651138	
53	306.398584	599.980462	464.876196	
54	306.631172	603.641299	468.163391	
55	308.482328	607.796341	471.818054	
56	315.520828	606.642186	475.213164	
57	319.155083	611.747230	476.905688	
58	321.310660	614.073537	478.802096	
59	313.799111	607.342995	479.803032	
60	323.180288	613.110425	482.360408	
61	331.929143	613.846190	484.042606	
62	325.491233	617.432954	485.990690	
63	327.870112	615.193157	488.248328	
64	335.434763	615.558268	489.723530	
65	331.146607	619.717751	492.232702	
66	334.392821	619.111842	495.040234	
67	348.223086	620.069746	496.945013	
68	342.371848	624.369881	499.519360	
69	350.588055	625.848086	501.665565	
70	355.378985	634.758451	504.123595	
71	359.292381	633.258666	507.233551	
72	356.186064	630.493078	508.966521	
73	361.590847	634.685004	510.992869	
74	367.370612	637.737588	513.112946	
75	370.308697	642.153636	513.479232	
76	372.250481	638.327936	514.549706	
77	369.671982	639.081015	517.107669	
78	374.619754	636.652798	518.853405	
79	377.137388	640.614681	520.503699	
80	375.020920	640.377598	521.870775	
81	379.934052	642.572547	522.738873	
82	386.797087	642.955522	524.686937	
83	389.612276	642.454792	525.486233	
84	384.667005	638.983575	526.573577	
85	383.759977	648.188831	528.764822	
86	390.670648	647.743453	529.814779	
87	392.860063	647.540164	530.256204	
88	401.304284	649.741104	532.737547	
89	399.168026	648.222625	534.570910	
90	395.751514	648.862289	537.114813	
91	400.255179	650.090243	539.408367	
92	407.440549	650.159947	541.111052	
93	410.118712	651.408826	542.042456	
94	413.056189	653.680792	542.727087	
95	409.122627	654.042744	542.993476	
96	412.961367	653.609322	544.120420	
97	413.977529	655.399648	545.248828	
98	410.159405	655.694504	547.003338	
99	409.368857	655.140760	547.664724	
100	418.831874	656.958708	548.884010	
101	415.959280	655.002566	550.456582	
102	418.393016	656.598513	550.887276	
103	418.915396	657.831964	552.941760	
104	423.059769	660.857608	555.297633	
105	424.840220	663.137216	557.073901	
106	426.140488	662.454265	557.569172	
107	427.715190	661.317385	557.975850	
108	426.073940	662.322117	559.903597	
109	433.718656	662.811173	560.924197	
110	437.687654	665.039741	561.725768	
111	437.839187	664.626975	562.429848	
112	432.583897	669.326800	563.284486	
113	441.993088	667.762410	564.628296	
114	443.471316	666.168521	565.877930	
115	442.021123	667.979613	566.582084	
116	437.605150	670.912177	568.671432	
117	446.174371	669.779929	569.592267	
118	442.695080	671.967111	570.156017	
119	444.069282	672.591198	571.929492	
120	448.459277	671.138209	573.800795	
121	443.442087	670.938761	575.100124	
122	447.787019	671.679894	576.576669	
123	448.743125	675.600767	577.470374	
124	451.822730	673.915353	578.131871	
125	456.485964	671.641652	579.421662	
126	461.393453	677.286730	580.181856	
127	463.393099	677.852018	581.283582	
128	464.696651	676.713754	582.060570	
129	462.653529	675.709567	583.474972	
130	469.248537	675.693410	584.004956	
131	469.388703	675.213381	584.681118	
132	467.778270	677.256873	585.240451	
133	465.999380	678.458938	585.399236	
134	468.333818	676.909706	585.481260	
135	471.739824	680.283145	586.683355	
136	469.732267	680.600792	587.322209	
137	468.997940	678.560072	588.680654	
138	477.050479	680.571189	590.124047	
139	478.786575	683.244197	590.893028	
140	473.588387	681.002234	591.824973	
141	483.247686	681.968798	593.541137	
142	485.868897	682.064245	593.881414	
143	488.029294	681.719623	594.800274	
144	486.721309	684.525104	595.998430	
145	493.088466	685.523313	597.779196	
146	492.426818	683.710574	599.259271	
147	494.292422	684.974303	600.079120	
148	494.168735	685.463413	600.351752	
149	493.070400	687.018270	601.016000	
150	493.513738	685.494265	601.886208	
151	493.406812	684.192266	602.430364	
152	498.389902	687.025827	603.711172	
153	495.718665	684.684026	603.687461	
154	498.875812	688.990677	604.822361	
155	501.541469	687.879496	606.076119	
156	500.795648	688.180633	607.168428	
157	508.339482	689.794700	608.347918	
158	506.782952	686.673170	608.712852	
159	511.090993	688.293733	609.409375	
160	508.110218	690.573373	610.189111	
161	507.535530	687.412947	610.068728	
162	508.808219	687.910221	610.476646	
163	506.303036	690.675633	611.336565	
164	505.187433	690.283163	612.365708	
165	511.413341	690.078531	612.564154	
166	515.283827	690.203182	613.448029	
167	518.882364	691.892109	614.434871	
168	517.376830	688.586592	615.647084	
169	517.232721	690.174193	615.900856	
170	523.909150	690.738636	616.648343	
171	523.813446	694.034393	617.651144	
172	520.729232	691.293665	617.998801	
173	520.135960	695.992789	618.558517	
174	525.481504	692.665349	618.870636	
175	524.201952	692.204768	620.522675	
176	523.666565	694.037156	621.028702	
177	527.801917	693.029612	622.215392	
178	531.946731	695.350718	622.919046	
179	531.352986	693.515080	622.640279	
180	530.765746	692.528516	623.407856	
181	532.689460	693.749983	623.619020	
182	533.981376	695.707976	624.612449	
183	537.251407	696.487791	625.298273	
184	537.960553	697.421249	626.095705	
185	538.774935	698.019268	626.840452	
186	535.382115	700.152425	627.986548	
187	538.890916	697.235981	629.204800	
188	543.359885	699.333308	630.274721	
189	544.771023	697.494748	630.428368	
190	542.700196	695.888305	631.049802	
191	547.065123	696.558759	631.786400	
192	551.478422	698.659789	632.603369	
193	552.696640	701.678447	633.582493	
194	546.438893	702.141094	634.373482	
195	551.066723	701.706223	635.783027	
196	552.064318	701.643717	636.415160	
197	555.056767	703.554580	636.430945	
198	558.184014	701.793289	637.271800	
199	556.480224	702.182076	637.730512	
200	558.641851	699.875466	638.351118	
201	558.439337	699.990798	639.417995	
202	561.881688	701.425106	639.973429	
203	563.289653	701.970145	640.473651	
204	563.820078	701.152223	641.111761	
205	561.683086	702.066787	641.250246	
206	561.677212	702.598858	641.689739	
207	567.425462	702.933987	642.606444	
208	569.659495	701.407879	643.433687	
209	571.697618	702.424944	644.224270	
210	571.671917	704.025983	644.199252	
211	566.969915	704.667449	644.978787	
212	570.937087	702.591271	645.101429	
213	570.750027	702.787324	645.465496	
214	574.920947	704.335388	646.106170	
215	572.943521	704.298077	646.819363	
216	572.304880	706.529976	647.334303	
217	571.859890	707.679874	647.658421	
218	571.019822	703.897396	647.470082	
219	574.054164	704.601779	648.305287	
220	576.746753	706.645194	648.777027	
221	577.487578	707.857481	649.203392	
222	577.492925	705.665241	649.497698	
223	582.157872	704.169804	650.008326	
224	580.252114	702.731817	650.719071	
225	581.782460	704.448621	650.979651	
226	583.545608	705.794241	651.025346	
227	583.838428	704.861345	651.813978	
228	584.851928	705.867855	652.103205	
229	585.593017	707.484850	652.713638	
230	586.292974	706.710856	652.687758	
231	588.184463	705.021167	653.221615	
232	588.288688	706.606326	653.576028	
233	586.817934	708.505051	653.911420	
234	588.434506	706.370524	654.427289	
235	588.734615	705.688332	655.161196	
236	585.411330	706.358708	655.458762	
237	588.702411	706.498582	655.900616	
238	587.108535	707.947120	656.623127	
239	589.852033	707.916972	657.037754	
240	591.356888	707.262860	657.438289	
241	594.647397	706.581673	657.658307	
242	595.477710	706.373608	657.673264	
243	597.192329	705.870889	657.896925	
244	593.863077	706.965300	658.545122	
245	595.357683	709.885620	658.822245	
246	597.732497	708.260757	659.180103	
247	597.893960	707.988122	659.577734	
248	600.433961	709.031289	659.939845	
249	598.976669	709.213382	659.959936	
250	602.135561	706.751707	660.345843	
251	602.093852	707.141274	660.392747	
252	604.121747	708.442782	660.703249	
253	604.719805	706.784902	661.512571	
254	607.182499	708.330853	662.369843	
255	604.371223	709.404984	662.614535	
256	601.798601	708.758290	662.926209	
257	603.143020	710.120847	662.899016	
258	607.633461	710.335965	663.100108	
259	608.895208	710.272580	663.618865	
260	609.511397	709.745044	664.040717	
261	611.773094	710.258132	664.514731	
262	608.756951	710.257881	664.676217	
263	608.899325	710.813838	664.966346	
264	609.950890	712.275411	665.068097	
265	606.847954	710.081636	665.365104	
266	609.662152	711.304977	665.700519	
267	611.579544	709.958678	665.685149	
268	612.282337	711.499704	666.225821	
269	614.002957	710.994600	666.747181	
270	614.714208	711.062836	666.960591	
271	613.116249	710.569463	667.025476	
272	614.754395	711.612637	667.230145	
273	613.990644	711.809335	667.406548	
274	612.544473	711.015677	667.539476	
275	614.358191	709.684807	667.895176	
276	611.784238	710.280961	667.711361	
277	612.987149	711.087997	668.006009	
278	615.074759	711.025167	668.572532	
279	614.315148	712.429413	668.567316	
280	614.901885	713.323903	669.030735	
281	615.011091	712.107892	669.075762	
282	615.356190	712.788058	669.455364	
283	615.828213	712.697252	669.771869	
284	616.320094	712.798044	669.928891	
285	612.850494	712.098820	669.935281	
286	613.594339	713.424522	670.008092	
287	616.545022	712.513079	670.380807	
288	618.218248	713.583333	670.894815	
289	619.932121	713.507011	671.016332	
290	620.297903	713.968440	671.509573	
291	619.585581	714.543607	671.814970	
292	618.012223	712.943815	671.449324	
293	619.808832	712.408584	671.548743	
294	619.534014	713.673470	671.819222	
295	620.222132	713.283359	672.041388	
296	621.613706	713.116209	672.134400	
297	624.673947	712.904431	672.677873	
298	623.391018	712.266990	672.465992	
299	622.692246	713.800882	672.396854	
300	622.726490	712.582610	672.492947	
301	623.872250	713.174830	672.717886	
302	624.104554	712.857315	673.100256	
303	622.919218	712.725725	673.244832	
304	625.754717	714.100604	673.866425	
305	625.260532	713.881498	674.098898	
306	627.483301	715.844165	674.364581	
307	627.843573	714.042263	674.431832	
308	628.557873	714.200478	675.145162	
309	625.874091	714.411760	674.977647	
310	630.755122	714.446111	675.331512	
311	629.522164	714.635661	675.904353	
312	629.822499	715.419798	676.025743	
313	629.598883	714.167515	676.101356	
314	631.033896	714.866088	676.477499	
315	630.498336	716.002856	676.464207	
316	631.114455	713.697669	676.821198	
317	630.545711	715.496953	677.088091	
318	629.132269	714.192904	677.211707	
319	631.072595	714.467088	677.275903	
320	632.570706	712.727997	677.686326	
321	632.717989	714.110039	678.082649	
322	631.645550	714.433344	677.860019	
323	631.728542	715.056438	677.826157	
324	631.444988	714.673023	677.886865	
325	634.732249	715.493346	677.995096	
326	631.455301	715.950836	678.533840	
327	633.377158	716.174559	678.658514	
328	634.937141	715.867565	679.133690	
329	634.195463	714.225577	679.077871	
330	634.183530	714.851158	679.371858	
331	634.698511	716.424465	679.773208	
332	636.494447	715.954126	679.673741	
333	634.528052	716.914233	679.650432	
334	636.180760	714.338971	679.411458	
335	635.411638	715.805802	679.344360	
336	635.306167	715.278791	679.704582	
337	637.233262	715.523906	679.998072	
338	636.580618	714.914713	680.507980	
339	636.478065	716.005360	680.626311	
340	636.738715	716.552254	680.921671	
341	636.703419	716.960322	681.304825	
342	637.722196	715.783143	681.262588	
343	638.248306	716.245139	681.415977	
344	638.881169	716.677274	681.852893	
345	639.135628	716.219535	681.800002	
346	639.232952	715.344559	681.880333	
347	639.212903	716.268187	681.878933	
348	640.601605	716.349907	682.133839	
349	641.917924	716.007103	682.218413	
350	639.945068	716.490444	682.559102	
351	639.972745	717.623488	682.350559	
352	637.401853	716.878461	682.263214	
353	640.984185	716.355785	682.655152	
354	641.033710	716.997119	683.198305	
355	640.713424	716.713919	683.540999	
356	641.405289	717.540728	683.542487	
357	640.633340	717.171309	683.740782	
358	643.625595	717.433550	683.966876	
359	644.025159	718.426007	684.583903	
360	644.101926	717.928035	685.017481	
361	644.690538	718.050615	685.120597	
362	643.634014	718.067138	685.108712	
363	642.998555	718.288937	685.266526	
364	645.152633	717.492958	685.420047	
365	646.081369	717.548835	685.661294	
366	644.143950	718.508889	685.902602	
367	645.320928	719.065460	685.864076	
368	647.392034	718.490314	686.257873	
369	646.712044	717.222815	686.341898	
370	647.265523	717.369378	686.759715	
371	648.337120	718.538896	687.035055	
372	648.676509	718.818440	687.530835	
373	650.502116	719.581125	687.617648	
374	650.228748	718.874171	687.886351	
375	650.928091	718.906001	688.213346	
376	649.767154	718.531771	688.104579	
377	651.056084	718.314330	688.141133	
378	651.262374	720.022462	688.251494	
379	651.941755	719.394771	688.423547	
380	651.003148	719.964137	688.759578	
381	652.391870	720.209939	688.900628	
382	651.775238	719.327196	689.081088	
383	652.373266	719.544702	689.195496	
384	652.711732	719.124713	689.541361	
385	652.946827	718.895916	689.775300	
386	653.333530	718.011711	689.832565	
387	653.766550	720.152508	690.030360	
388	655.481901	719.014297	690.312632	
389	654.053774	719.514030	690.595159	
390	654.296663	721.005615	690.424228	
391	655.891799	719.555866	690.539584	
392	654.657345	719.355294	690.473109	
393	655.236774	718.936756	690.542234	
394	653.225089	719.484325	690.773099	
395	654.312415	718.782918	690.625766	
396	656.383944	719.688338	690.737978	
397	655.432173	718.262936	690.947644	
398	655.918617	719.062993	690.580671	
399	655.534427	719.296862	690.911536	
400	656.549670	718.809381	691.054620	
401	654.824366	719.093655	691.152735	
402	655.959577	718.719970	691.339249	
403	657.928510	719.296573	691.363205	
404	657.217728	718.326176	691.287613	
405	656.897659	719.557571	691.662006	
406	657.084448	720.589126	691.815338	
407	657.746640	719.305268	691.536653	
408	658.440541	719.520879	691.436084	
409	659.272440	719.055673	691.224903	
410	659.182693	719.340758	691.405450	
411	658.072281	717.634426	691.609984	
412	659.451927	719.524952	691.576598	
413	658.099397	719.087421	691.880679	
414	660.981102	720.122314	691.945866	
415	660.095605	720.389900	692.034016	
416	660.555025	719.214480	692.387347	
417	661.746782	719.578582	692.726216	
418	661.674448	720.073725	692.777428	
419	662.546196	719.719591	692.829727	
420	662.711316	720.738885	692.663820	
421	662.509673	720.231504	692.621308	
422	663.447450	719.517500	692.512235	
423	662.171066	718.096324	692.503657	
424	661.751732	719.478782	692.540039	
425	663.121449	718.927538	692.596540	
426	662.578170	718.759924	692.858979	
427	662.528523	718.090532	693.007880	
428	663.396543	718.704395	693.040074	
429	661.870470	718.435688	693.067057	
430	661.396469	720.411556	693.190415	
431	663.138260	718.515430	693.129405	
432	661.876807	719.995537	693.487238	
433	663.329953	719.629410	693.574848	
434	663.744792	718.037105	693.465128	
435	665.167918	718.832731	693.397404	
436	664.355541	718.994818	693.364543	
437	663.549296	718.765060	693.314305	
438	664.163561	719.368174	693.490630	
439	664.840646	719.100686	693.765528	
440	665.519526	719.205010	693.908985	
441	664.508576	718.234458	694.047293	
442	664.163931	719.085263	694.153405	
443	666.515516	719.053755	694.138914	
444	667.206080	718.219731	694.224826	
445	666.758874	719.259558	694.232998	
446	665.790521	718.650803	694.223133	
447	665.432054	718.171825	694.419282	
448	666.332271	719.058957	694.443788	
449	666.783004	719.521224	694.316232	
450	666.113640	719.510723	694.391047	
451	665.271943	718.626004	694.453149	
452	666.365221	719.536840	694.708521	
453	667.658670	718.829802	694.864981	
454	666.795401	718.183192	694.779584	
455	668.083304	718.663842	695.078693	
456	666.593569	719.102950	695.199977	
457	667.088042	718.359225	695.156964	
458	667.107601	718.533457	695.119699	
459	668.176086	718.808969	695.243255	
460	669.269323	719.380782	695.384486	
461	667.948090	718.806048	695.395870	
462	668.151130	719.498453	695.789466	
463	669.379110	719.652191	695.959340	
464	668.705632	718.624012	695.941167	
465	669.024092	719.757547	695.979768	
466	669.401858	718.812227	696.049501	
467	669.319239	719.742124	696.239339	
468	668.554958	720.325562	696.399661	
469	669.894307	719.054994	696.306779	
470	670.369686	719.460378	696.495822	
471	669.895840	719.762150	696.477460	
472	670.561350	718.804190	696.750389	
473	670.685795	718.210509	696.947428	
474	670.248974	719.258004	697.063567	
475	671.361566	718.846215	696.948326	
476	671.000438	720.262636	697.194868	
477	672.156433	718.617490	697.319435	
478	671.049342	720.199103	697.212218	
479	670.773152	719.334644	696.986370	
480	669.499917	719.072866	697.318691	
481	670.782326	720.050950	697.366694	
482	669.672369	719.434792	697.544639	
483	672.637305	719.423642	697.638159	
484	671.268449	719.721552	697.552980	
485	672.018231	718.817303	697.514733	
486	671.361159	719.780734	697.737853	
487	671.600489	719.071636	697.772194	
488	672.041787	719.131314	697.887287	
489	672.505873	720.120284	698.166208	
490	672.200559	719.332809	698.182339	
491	673.058572	720.058490	698.042121	
492	671.738335	719.526839	698.111964	
493	672.874808	718.636254	697.984255	
494	670.085742	718.652820	698.037624	
495	671.090739	719.901919	698.061525	
496	671.495095	719.528666	698.149833	
497	673.365783	719.814967	698.271029	
498	672.530798	720.218670	698.191804	
499	673.358517	719.130845	698.213483	
