0	2.966007	65.884833	32.435240	
1	5.783870	67.753827	37.202948	
2	9.464097	68.648357	41.204364	
3	12.033090	70.332347	44.716508	
4	15.183137	71.050297	47.697503	
5	16.387973	72.027013	50.176929	
6	17.330847	72.109200	52.457950	
7	19.544093	73.521637	54.040163	
8	22.222967	73.771070	55.601351	
9	25.839620	73.444723	57.134254	
10	23.838663	73.671390	58.388587	
11	27.803607	73.901003	59.263551	
12	28.846777	74.042363	60.180918	
13	27.945380	74.481850	61.001168	
14	29.505327	74.373747	61.818532	
15	32.947627	74.403503	62.547450	
16	34.695153	74.873820	63.195621	
17	36.248937	74.998480	63.575110	
18	34.027320	75.160030	63.941385	
19	34.641613	74.963823	64.392542	
20	35.397677	75.260207	65.023648	
21	34.387557	75.477483	65.335616	
22	34.121703	75.757227	65.706992	
23	37.587363	75.410440	66.154938	
24	38.823747	75.527860	66.442754	
25	39.820340	75.606453	66.731974	
26	39.470507	75.791713	67.034969	
27	39.590663	75.856523	67.374309	
28	40.709913	75.866620	67.530856	
29	40.579530	76.010547	67.805576	
30	42.417603	75.932413	68.068240	
31	43.081697	75.939447	68.289496	
32	42.075830	76.033480	68.436065	
33	41.707747	76.242287	68.706976	
34	43.248600	76.262960	68.873551	
35	44.213700	76.319187	69.123435	
36	44.332653	76.382083	69.181291	
37	42.695283	76.521597	69.311548	
38	43.467233	76.456817	69.529652	
39	42.636057	76.541667	69.620177	
40	44.555847	76.596717	69.796219	
41	44.785250	76.591950	69.872790	
42	44.944827	76.472890	70.018525	
43	45.661683	76.468610	70.110169	
44	46.265010	76.547577	70.296194	
45	47.801120	76.663637	70.498595	
46	47.642513	76.593223	70.633313	
47	46.404507	76.590353	70.629098	
48	46.176157	76.782610	70.701638	
49	45.536867	76.775663	70.731140	
50	45.577287	76.668920	70.961544	
51	46.834627	76.778683	71.047643	
52	46.633463	76.768727	71.174892	
53	47.464530	76.779427	71.206710	
54	48.375337	76.799333	71.324772	
55	48.930487	76.664023	71.440481	
56	47.624873	76.778100	71.485190	
57	48.625890	76.811740	71.651256	
58	48.976107	76.765453	71.754800	
59	50.114243	76.868543	71.811520	
60	50.088550	76.892687	71.892327	
61	48.402377	76.917037	72.083642	
62	49.651803	76.963097	72.196079	
63	50.186853	76.883503	72.228005	
64	51.669813	76.906640	72.398309	
65	53.383917	76.851857	72.435370	
66	53.245997	76.870430	72.413198	
67	53.161020	76.809150	72.409119	
68	51.249393	76.786987	72.364073	
69	51.439193	76.743850	72.454760	
70	52.553567	76.766510	72.520973	
71	52.207760	76.729487	72.662680	
72	51.852260	76.795953	72.747500	
73	52.998070	76.802613	72.831969	
74	53.572270	76.819257	72.917399	
75	53.904663	76.923657	73.041245	
76	54.165903	76.926813	73.041913	
77	54.213840	76.953933	73.086922	
78	54.737650	76.906747	73.153039	
79	52.903003	77.055240	73.091703	
80	54.254660	77.094473	73.230087	
81	55.794363	77.071137	73.330652	
82	54.247980	76.970157	73.408514	
83	56.584077	76.996923	73.398385	
84	56.365513	76.980813	73.403387	
85	56.064387	76.934653	73.405920	
86	54.362107	76.990690	73.374285	
87	54.486943	76.940300	73.489524	
88	55.391840	76.913360	73.587877	
89	55.711300	76.939580	73.583785	
90	56.188803	76.940440	73.668096	
91	56.520867	76.964550	73.713910	
92	57.203197	77.075267	73.774636	
93	57.934503	77.063723	73.786855	
94	58.520867	77.030970	73.860069	
95	57.889553	77.029923	73.919122	
96	60.510373	76.962140	74.024708	
97	60.738230	76.985637	74.067740	
98	59.670400	77.009857	74.102777	
99	60.783597	76.959230	74.159865	
100	58.715497	76.975540	74.216297	
101	61.985217	77.052730	74.278993	
102	61.918773	77.042073	74.286850	
103	62.768693	77.028687	74.298242	
104	60.883703	77.005863	74.406401	
105	61.109690	77.003067	74.477582	
106	61.847677	77.063393	74.453386	
107	61.942967	77.016240	74.466284	
108	62.846450	77.021793	74.432411	
109	62.723853	77.056380	74.451761	
110	63.493003	77.102047	74.502064	
111	64.266740	77.155927	74.551551	
112	61.516147	77.119297	74.570267	
113	63.307400	77.019663	74.624321	
114	63.488360	76.995833	74.607269	
115	62.889137	76.975393	74.638212	
116	64.199113	76.932130	74.706260	
117	65.092207	76.972443	74.704381	
118	65.476993	77.017043	74.731411	
119	65.801817	77.003437	74.786654	
120	65.464653	77.010317	74.844203	
121	65.890620	77.004330	74.789768	
122	65.853980	76.965197	74.818159	
123	66.352863	76.941727	74.804117	
124	66.438923	77.004657	74.782592	
125	64.332857	77.024483	74.793909	
126	65.176910	76.982047	74.825839	
127	64.629127	77.005823	74.864731	
128	63.371023	76.955707	74.863511	
129	64.630270	76.955560	74.902769	
130	63.967527	77.021620	74.919974	
131	65.776000	77.018870	74.939659	
132	65.380440	77.031570	74.916415	
133	65.882263	77.038217	75.015516	
134	64.874667	76.959130	75.038590	
135	64.827743	76.972697	75.071934	
136	64.953853	76.984250	75.081863	
137	64.487073	77.028600	75.037010	
138	65.295837	77.038297	75.083243	
139	65.444097	77.071823	75.072864	
140	66.377877	77.049307	75.118141	
141	65.260340	77.085617	75.126826	
142	65.861050	77.088373	75.107452	
143	65.723833	77.038390	75.152956	
144	66.204417	77.054993	75.157961	
145	65.415190	76.995540	75.157329	
146	66.021737	76.906130	75.167329	
147	66.575480	76.955647	75.198782	
148	66.522083	76.958957	75.216708	
149	66.457287	76.961853	75.262641	
150	66.086887	76.995747	75.276099	
151	66.482933	76.939083	75.267027	
152	67.719737	76.945730	75.317250	
153	67.488310	76.939470	75.313962	
154	67.264883	77.007833	75.329268	
155	68.453150	76.903287	75.339688	
156	68.227403	76.869253	75.333676	
157	67.399250	76.808993	75.334162	
158	67.624760	76.775360	75.390881	
159	66.940450	76.738683	75.425299	
160	67.591793	76.761713	75.414609	
161	67.961093	76.788860	75.413232	
162	68.904430	76.755127	75.440392	
163	69.225340	76.791737	75.456301	
164	66.669953	76.761727	75.467808	
165	68.137283	76.782307	75.463896	
166	69.455977	76.792643	75.495926	
167	68.655843	76.792643	75.486318	
168	67.472977	76.813157	75.480063	
169	68.592917	76.748947	75.492134	
170	69.126403	76.742133	75.506986	
171	69.631000	76.795740	75.505462	
172	69.551197	76.799210	75.464684	
173	69.368290	76.789013	75.429672	
174	69.612130	76.782227	75.456204	
175	69.945190	76.758443	75.516181	
176	69.317610	76.771963	75.530608	
177	68.924277	76.765657	75.533875	
178	69.206973	76.789207	75.556333	
179	69.889903	76.782460	75.568067	
180	69.417247	76.802233	75.581935	
181	70.072997	76.782327	75.604260	
182	69.426670	76.782420	75.625592	
183	70.153683	76.762160	75.641527	
184	70.327100	76.791723	75.663202	
185	69.527570	76.759290	75.674998	
186	70.988520	76.755987	75.697009	
187	70.435780	76.815627	75.710935	
188	70.660293	76.902560	75.760278	
189	69.928890	76.862113	75.776951	
190	68.945730	76.855493	75.780135	
191	69.590540	76.835280	75.798829	
192	67.443337	76.858717	75.782274	
193	69.434780	76.848927	75.833212	
194	68.960890	76.845630	75.820581	
195	68.522463	76.828720	75.825653	
196	72.284273	76.882307	75.843940	
197	72.496160	76.835987	75.832302	
198	71.981133	76.816073	75.835663	
199	71.831950	76.923817	75.847598	
200	70.959160	76.822913	75.842806	
201	71.420753	76.799183	75.870394	
202	71.410280	76.825723	75.867818	
203	70.977473	76.846070	75.865368	
204	70.947767	76.842600	75.877631	
205	69.782883	76.845963	75.865732	
206	71.145607	76.849567	75.881792	
207	71.557853	76.829433	75.883979	
208	70.351620	76.829533	75.886262	
209	70.298913	76.903047	75.897535	
210	69.944400	76.852917	75.904313	
211	71.168087	76.859683	75.926209	
212	71.670637	76.842707	75.941778	
213	71.361467	76.924850	75.939866	
214	72.408063	76.901233	75.956838	
215	71.991193	76.809007	75.978311	
216	71.177217	76.799017	75.987553	
217	71.884473	76.815933	76.004606	
218	72.502943	76.819463	76.003651	
219	72.103307	76.822833	76.005164	
220	71.303940	76.816100	76.001923	
221	71.607440	76.819443	75.995420	
222	71.220397	76.819437	75.979011	
223	70.311227	76.819397	75.959948	
224	70.559683	76.816000	75.975694	
225	70.994340	76.812703	75.982046	
226	71.334343	76.802713	75.978314	
227	70.459737	76.785763	75.995157	
228	70.858380	76.805943	75.989259	
229	72.208903	76.776153	75.998358	
230	72.002650	76.762887	75.989806	
231	71.289300	76.748900	76.000155	
232	70.168210	76.755593	75.971229	
233	69.916050	76.755593	75.985833	
234	70.102757	76.745490	75.997825	
235	69.808153	76.792077	76.005209	
236	68.988087	76.762533	75.996070	
237	70.997063	76.755740	76.015473	
238	71.287830	76.846300	76.011906	
239	72.321210	76.846607	76.021684	
240	72.444093	76.856937	76.023380	
241	72.499570	76.849817	76.025966	
242	72.542763	76.846207	76.033865	
243	72.898520	76.806440	76.049683	
244	73.043200	76.809843	76.057487	
245	72.443990	76.860033	76.047356	
246	73.507690	76.846413	76.056815	
247	73.009743	76.856603	76.058797	
248	72.652753	76.809830	76.055554	
249	72.005820	76.809823	76.051964	
250	71.370697	76.792760	76.051001	
251	71.540207	76.749200	76.052145	
252	70.157453	76.745750	76.061300	
253	70.747113	76.752597	76.060679	
254	70.717133	76.742627	76.056726	
255	71.141080	76.742607	76.056975	
256	72.327150	76.749420	76.069441	
257	71.760523	76.746023	76.074919	
258	70.942830	76.769140	76.064761	
259	70.763190	76.765503	76.065623	
260	71.918287	76.762293	76.080435	
261	71.341957	76.752537	76.082856	
262	71.432233	76.755927	76.085266	
263	71.725623	76.755927	76.094458	
264	73.054853	76.755927	76.098461	
265	72.679200	76.752630	76.103157	
266	72.564043	76.811290	76.100359	
267	72.182903	76.804510	76.095965	
268	70.304163	76.804510	76.084995	
269	71.817363	76.797710	76.102557	
270	71.187503	76.780833	76.091776	
271	72.691410	76.784230	76.099606	
272	72.287913	76.787753	76.110158	
273	70.798850	76.794267	76.096589	
274	69.256360	76.787787	76.057242	
275	70.110407	76.784337	76.091800	
276	70.085597	76.784223	76.093430	
277	70.059930	76.784237	76.115330	
278	70.831377	76.777457	76.129309	
279	71.774487	76.777457	76.125422	
280	71.710837	76.777450	76.126036	
281	74.073867	76.780787	76.137735	
282	71.653967	76.777390	76.126626	
283	72.739360	76.777390	76.137235	
284	72.723530	76.777390	76.135587	
285	72.594580	76.826573	76.134250	
286	72.090260	76.840200	76.141184	
287	73.770810	76.829983	76.160332	
288	73.903800	76.843490	76.165319	
289	74.098957	76.830083	76.171572	
290	73.015427	76.807033	76.162546	
291	71.912043	76.813700	76.168534	
292	71.424787	76.806953	76.155439	
293	72.018440	76.811263	76.154082	
294	71.931877	76.814680	76.150419	
295	71.067910	76.790943	76.148189	
296	71.342170	76.800993	76.174292	
297	72.947750	76.767393	76.195547	
298	71.738870	76.763850	76.177139	
299	73.689213	76.767287	76.185994	
300	72.964137	76.770690	76.173580	
301	71.509387	76.774100	76.186790	
302	71.153230	76.777483	76.179020	
303	71.260050	76.777450	76.198693	
304	70.637223	76.773987	76.193891	
305	70.931983	76.784217	76.199438	
306	71.304023	76.784170	76.221494	
307	70.465083	76.777390	76.233168	
308	72.580637	76.770710	76.258958	
309	73.459867	76.784337	76.269355	
310	73.348957	76.784303	76.265798	
311	73.273350	76.780927	76.277439	
312	71.856483	76.767347	76.274188	
313	70.990633	76.767307	76.272303	
314	72.182547	76.784250	76.267522	
315	73.249297	76.767327	76.284842	
316	72.254300	76.770710	76.271839	
317	73.252223	76.770710	76.289826	
318	73.362637	76.777443	76.275460	
319	73.997840	76.780827	76.271098	
320	73.083303	76.777703	76.271632	
321	74.359773	76.781100	76.268163	
322	73.580720	76.787447	76.276228	
323	73.717690	76.790650	76.276399	
324	73.279493	76.787473	76.285404	
325	73.313047	76.790803	76.287102	
326	72.096160	76.793900	76.276655	
327	72.139703	76.797550	76.296826	
328	72.792170	76.794140	76.315816	
329	71.602753	76.780993	76.313105	
330	72.198263	76.780993	76.317179	
331	72.190563	76.780993	76.317372	
332	71.977607	76.777583	76.313250	
333	73.014057	76.777583	76.325446	
334	72.822310	76.777630	76.334949	
335	71.935413	76.787553	76.330524	
336	72.953380	76.784377	76.330829	
337	73.269657	76.794360	76.345456	
338	72.394207	76.807700	76.343825	
339	71.084767	76.807700	76.338615	
340	71.193037	76.807753	76.348636	
341	71.684757	76.801007	76.356339	
342	72.113483	76.801007	76.373400	
343	71.985787	76.784210	76.380708	
344	72.960107	76.784210	76.385449	
345	73.082863	76.787620	76.391737	
346	72.291653	76.787580	76.379361	
347	72.345757	76.820620	76.385625	
348	72.842393	76.823937	76.379635	
349	72.720510	76.823957	76.379813	
350	72.940643	76.827173	76.390496	
351	73.125583	76.827153	76.409189	
352	73.177180	76.827173	76.402308	
353	72.996290	76.840767	76.390854	
354	71.771180	76.840747	76.373369	
355	70.678713	76.827153	76.364084	
356	70.235210	76.803663	76.345539	
357	70.328977	76.801020	76.351204	
358	70.131487	76.801020	76.347797	
359	70.080637	76.847780	76.349785	
360	71.486050	76.840880	76.369384	
361	72.788193	76.834120	76.376834	
362	72.838663	76.830723	76.383926	
363	72.569003	76.813993	76.368938	
364	71.511540	76.814020	76.380901	
365	70.680983	76.817430	76.367329	
366	71.467873	76.814047	76.382300	
367	72.898327	76.810637	76.388101	
368	72.559570	76.810630	76.392230	
369	71.828080	76.820727	76.382924	
370	72.032257	76.830910	76.376172	
371	72.572390	76.770663	76.372636	
372	71.372873	76.780860	76.381356	
373	70.360433	76.780827	76.385267	
374	70.457067	76.767427	76.381294	
375	71.251087	76.806680	76.379795	
376	72.421283	76.809997	76.400735	
377	72.567940	76.806627	76.396326	
378	72.526697	76.803350	76.391392	
379	73.918117	76.803350	76.387795	
380	71.404400	76.915757	76.381778	
381	70.338690	76.915757	76.380573	
382	71.763073	76.905560	76.391409	
383	70.432803	76.864177	76.393485	
384	72.295090	76.894447	76.402047	
385	70.712580	76.847300	76.376927	
386	71.055523	76.816903	76.400931	
387	69.825907	76.840920	76.402365	
388	70.813267	76.830770	76.406256	
389	70.626313	76.957673	76.412477	
390	72.531343	76.988070	76.436500	
391	70.770360	76.900950	76.427444	
392	71.392993	76.803377	76.419604	
393	72.824697	76.857030	76.423282	
394	72.159373	76.833600	76.425935	
395	70.317553	76.837130	76.411476	
396	71.761210	76.853173	76.421928	
397	71.742247	76.803323	76.399252	
398	70.993353	76.799947	76.399257	
399	73.809690	76.799727	76.426357	
400	72.966227	76.786640	76.419544	
401	72.637967	76.796830	76.429390	
402	71.737643	76.777430	76.430513	
403	71.365807	76.774033	76.441088	
404	72.870113	76.777337	76.452425	
405	74.311963	76.777337	76.457586	
406	73.828313	76.773933	76.452784	
407	73.548363	76.773960	76.448021	
408	74.231697	76.773927	76.451012	
409	73.670740	76.773927	76.450405	
410	73.212333	76.780740	76.440566	
411	73.925890	76.770630	76.438858	
412	72.973090	76.784083	76.440257	
413	73.821593	76.777370	76.444381	
414	73.196867	76.773980	76.437493	
415	72.937937	76.767173	76.435132	
416	73.053640	76.794147	76.412450	
417	73.263483	76.787273	76.416271	
418	71.008537	76.767033	76.415116	
419	71.812957	76.767033	76.431433	
420	70.187003	76.770190	76.422180	
421	71.538510	76.760233	76.423314	
422	71.940377	76.833447	76.433640	
423	71.197373	76.826867	76.439583	
424	72.613250	76.799773	76.442810	
425	72.204973	76.806580	76.438369	
426	72.032373	76.806580	76.432594	
427	71.829147	76.803423	76.420424	
428	71.863263	76.784283	76.417768	
429	73.107813	76.800287	76.425009	
430	72.655053	76.797130	76.414736	
431	73.079430	76.750597	76.418290	
432	71.869427	76.747167	76.410157	
433	71.539670	76.750330	76.413398	
434	70.685643	76.750330	76.417541	
435	69.837430	76.746960	76.412243	
436	69.777943	76.770437	76.421822	
437	71.121503	76.767053	76.417485	
438	71.666800	76.780573	76.424060	
439	72.705453	76.793107	76.429793	
440	71.515117	76.803350	76.423554	
441	72.505697	76.751050	76.436508	
442	72.457160	76.727560	76.447183	
443	73.226837	76.717190	76.451506	
444	74.795343	76.713780	76.463006	
445	73.971837	76.713780	76.457943	
446	74.723343	76.703643	76.459039	
447	74.406963	76.690583	76.449670	
448	74.253347	76.743377	76.453251	
449	74.104060	76.687133	76.456226	
450	72.531393	76.704130	76.449492	
451	71.326907	76.704130	76.440693	
452	71.255420	76.713907	76.436564	
453	71.963963	76.721107	76.431982	
454	72.095830	76.690630	76.444489	
455	72.310487	76.690630	76.445129	
456	71.244353	76.700340	76.431318	
457	71.387447	76.726493	76.431412	
458	71.622820	76.726520	76.436701	
459	73.181217	76.723137	76.458024	
460	73.167670	76.723137	76.457864	
461	73.394720	76.719787	76.461918	
462	72.762900	76.729643	76.456829	
463	74.541163	76.716097	76.460179	
464	73.040550	76.733040	76.455255	
465	73.966710	76.758927	76.462953	
466	74.421437	76.709537	76.469998	
467	73.306123	76.712893	76.454617	
468	71.770127	76.702737	76.448931	
469	71.618000	76.706093	76.452036	
470	71.509677	76.733027	76.449005	
471	74.281590	76.729990	76.473695	
472	74.707137	76.709590	76.483573	
473	73.589740	76.722943	76.480560	
474	73.763910	76.713080	76.481809	
475	74.033020	76.703670	76.482745	
476	74.184217	76.717377	76.483807	
477	74.687513	76.696883	76.487118	
478	74.728243	76.707027	76.486832	
479	73.556713	76.703670	76.485712	
480	73.922533	76.727553	76.489368	
481	72.562363	76.700033	76.480718	
482	70.534850	76.686540	76.456242	
483	71.088590	76.670230	76.451286	
484	68.068590	76.757640	76.429031	
485	69.195680	76.757640	76.438010	
486	68.982453	76.673640	76.430041	
487	68.846903	76.736150	76.439422	
488	70.273933	76.683563	76.442503	
489	72.545963	76.737377	76.474727	
490	73.402973	76.683830	76.485499	
491	71.882897	76.683830	76.478962	
492	73.042973	76.690617	76.486942	
493	73.469623	76.687227	76.495428	
494	73.924133	76.704123	76.487391	
495	73.347730	76.700487	76.491859	
496	73.656020	76.700487	76.493358	
497	71.149620	76.689683	76.477999	
498	72.459543	76.693047	76.489927	
499	73.137673	76.693047	76.501179	
