0	3.325333	66.621667	32.213357	
1	6.310367	67.589813	37.100505	
2	10.767147	69.472380	41.197652	
3	12.137587	69.817023	44.714695	
4	14.454183	70.608210	47.794025	
5	16.901573	71.486260	50.062292	
6	18.422557	72.180790	52.183885	
7	20.683367	72.520610	53.820768	
8	22.384377	73.482740	55.353978	
9	24.781920	73.726300	56.653734	
10	27.559543	74.121150	57.831533	
11	26.500420	74.367200	58.767114	
12	26.936380	74.515673	59.910624	
13	30.712610	74.461693	60.991151	
14	32.315043	74.704533	61.828330	
15	31.773343	74.793107	62.279877	
16	33.764577	74.896293	62.855343	
17	33.437683	74.983073	63.383527	
18	34.503077	74.742520	63.742318	
19	35.503313	74.928960	64.367460	
20	37.257380	75.177370	64.632153	
21	37.368570	75.331110	64.955875	
22	36.989547	75.559667	65.223326	
23	39.051477	75.520023	65.561709	
24	38.561583	75.478257	65.938277	
25	40.093157	75.443657	66.314041	
26	40.460990	75.570080	66.576959	
27	41.964047	75.675687	66.817288	
28	40.320087	75.671090	67.039056	
29	39.639380	75.771913	67.229117	
30	39.894773	75.867373	67.419173	
31	40.408073	75.994813	67.667079	
32	40.743233	75.920010	67.843761	
33	41.492457	75.853103	68.181530	
34	42.181847	75.817697	68.447643	
35	40.295247	75.921693	68.581392	
36	41.767383	75.919583	68.811991	
37	44.348433	76.055350	69.108025	
38	44.887373	75.974073	69.209324	
39	44.967090	76.087967	69.264053	
40	44.661837	76.114130	69.518579	
41	45.051937	76.232080	69.510556	
42	44.480477	76.134670	69.654419	
43	43.543700	76.105847	69.689796	
44	46.099243	76.162317	69.923278	
45	46.917767	76.130727	70.044434	
46	46.625850	76.151827	70.143869	
47	46.856413	76.192340	70.159652	
48	47.779447	76.146390	70.259624	
49	46.040873	76.089607	70.396292	
50	48.353783	76.295150	70.473780	
51	47.973220	76.397500	70.478653	
52	47.835037	76.327517	70.652600	
53	49.299157	76.415097	70.850881	
54	48.686617	76.434050	70.911571	
55	49.014443	76.480250	71.023256	
56	50.122640	76.434643	71.166636	
57	49.283683	76.443733	71.223985	
58	49.420893	76.410247	71.364409	
59	49.834107	76.369817	71.396648	
60	50.692500	76.321087	71.479585	
61	50.645297	76.276590	71.589854	
62	50.745960	76.307390	71.645811	
63	52.052347	76.404243	71.698126	
64	52.636603	76.440467	71.774957	
65	52.125413	76.453857	71.957650	
66	53.497337	76.394897	72.053040	
67	52.858183	76.442177	72.037386	
68	52.887060	76.337723	72.038019	
69	52.954640	76.421367	72.104286	
70	54.536827	76.367870	72.260821	
71	54.303330	76.361617	72.286157	
72	52.706717	76.324480	72.201879	
73	52.979973	76.291490	72.177582	
74	53.224117	76.408570	72.249926	
75	53.530957	76.447933	72.330314	
76	53.182967	76.496823	72.388851	
77	54.723853	76.537890	72.449177	
78	55.304677	76.555107	72.474226	
79	54.291890	76.543317	72.642866	
80	55.190207	76.391987	72.673511	
81	55.394770	76.535523	72.720233	
82	55.400507	76.580653	72.791798	
83	54.584523	76.588213	72.877531	
84	55.857380	76.554033	72.961460	
85	57.623490	76.470650	73.062206	
86	57.040367	76.482260	73.124057	
87	58.337227	76.521007	73.161119	
88	57.974540	76.618217	73.176078	
89	58.616703	76.642617	73.169530	
90	59.120790	76.642223	73.329720	
91	59.959140	76.635983	73.358647	
92	57.510590	76.656650	73.396129	
93	58.032860	76.639163	73.421215	
94	57.765993	76.622380	73.495299	
95	58.452373	76.582240	73.517673	
96	57.630290	76.572077	73.581359	
97	58.673847	76.558210	73.683963	
98	58.715163	76.564477	73.699682	
99	58.169617	76.568033	73.700546	
100	58.352400	76.588587	73.719209	
101	60.611863	76.501607	73.832268	
102	60.374720	76.538723	73.880422	
103	60.181140	76.511597	73.889103	
104	60.596017	76.491283	73.915004	
105	60.769603	76.494967	73.836691	
106	60.699367	76.549333	73.827921	
107	61.515130	76.549487	73.929910	
108	61.443280	76.566157	73.905038	
109	62.127500	76.482160	74.030492	
110	61.184303	76.461840	73.975725	
111	61.811397	76.458150	73.989675	
112	62.439683	76.428040	73.975704	
113	61.919123	76.420223	74.025410	
114	62.017560	76.462053	74.054036	
115	62.891367	76.438443	74.211553	
116	63.417493	76.438283	74.212836	
117	63.186623	76.468827	74.191975	
118	63.622263	76.515433	74.185383	
119	64.241920	76.511550	74.159960	
120	64.306563	76.552223	74.191473	
121	63.773603	76.538943	74.169744	
122	64.439597	76.508167	74.273844	
123	64.807257	76.518017	74.199602	
124	63.963600	76.528587	74.191805	
125	63.636913	76.501413	74.220308	
126	63.734857	76.488027	74.217965	
127	63.744667	76.484523	74.209371	
128	64.075247	76.444437	74.237873	
129	65.083113	76.501707	74.314570	
130	64.820763	76.531843	74.308162	
131	64.652323	76.511857	74.302674	
132	63.395117	76.508000	74.312252	
133	64.127053	76.528673	74.290074	
134	64.213827	76.552377	74.268233	
135	64.286213	76.491850	74.364735	
136	64.835663	76.439003	74.385822	
137	64.633057	76.472897	74.412697	
138	64.294720	76.445970	74.468918	
139	64.418603	76.448480	74.440466	
140	65.012313	76.457897	74.522544	
141	65.188777	76.461693	74.527515	
142	65.591767	76.411243	74.505725	
143	64.999030	76.384343	74.582139	
144	65.420873	76.417550	74.618911	
145	66.759010	76.417570	74.591500	
146	66.572140	76.420247	74.614790	
147	66.327103	76.420267	74.627797	
148	65.795033	76.427387	74.711796	
149	65.355363	76.430883	74.734529	
150	66.070530	76.434067	74.757935	
151	65.842873	76.414047	74.736392	
152	66.013353	76.420593	74.781294	
153	66.292770	76.431030	74.801950	
154	67.746183	76.387387	74.831364	
155	67.521587	76.400600	74.820466	
156	66.929030	76.414253	74.854943	
157	67.268577	76.417530	74.891973	
158	67.504583	76.390170	74.888363	
159	68.542397	76.396937	74.935335	
160	67.489083	76.454407	74.938307	
161	65.956613	76.424417	74.959914	
162	65.013880	76.451210	74.948834	
163	67.273087	76.441333	74.949767	
164	66.953863	76.444757	74.889658	
165	67.597973	76.435040	74.952692	
166	67.376103	76.434993	74.954956	
167	66.987187	76.421420	74.959770	
168	67.545167	76.370997	74.933442	
169	67.469837	76.377683	74.984185	
170	67.865750	76.377563	74.996882	
171	67.657313	76.363810	75.048745	
172	67.814373	76.373980	75.093958	
173	68.331603	76.390783	75.100869	
174	68.347907	76.381333	75.101201	
175	68.731720	76.384837	75.121499	
176	70.225007	76.384370	75.167766	
177	69.593827	76.397637	75.163226	
178	68.494603	76.358143	75.199435	
179	68.789837	76.338090	75.189907	
180	68.848127	76.361473	75.236778	
181	69.628703	76.358543	75.236186	
182	69.965393	76.351763	75.242235	
183	70.164617	76.385123	75.232637	
184	71.167570	76.354847	75.253765	
185	71.714387	76.368367	75.281564	
186	71.495993	76.375393	75.319902	
187	70.061643	76.372023	75.320134	
188	70.895170	76.378790	75.308882	
189	70.915667	76.375207	75.286019	
190	71.199147	76.378490	75.315637	
191	71.185193	76.378490	75.325468	
192	71.746207	76.371957	75.336204	
193	71.785803	76.375327	75.339181	
194	71.786527	76.371957	75.339762	
195	70.969927	76.371957	75.358640	
196	71.296280	76.365163	75.388675	
197	71.725670	76.361813	75.385630	
198	71.681160	76.368547	75.389147	
199	71.468197	76.358617	75.413620	
200	70.746030	76.381820	75.431218	
201	70.818050	76.368547	75.460089	
202	71.246387	76.365150	75.472516	
203	71.979543	76.368527	75.485394	
204	71.890283	76.354833	75.487494	
205	72.452253	76.348300	75.497141	
206	72.448803	76.334760	75.480909	
207	72.396457	76.341547	75.470603	
208	72.169037	76.341553	75.464171	
209	71.908850	76.341553	75.462609	
210	72.234327	76.347987	75.473579	
211	71.497353	76.358250	75.472680	
212	71.421643	76.327960	75.460303	
213	71.746903	76.317657	75.476027	
214	71.238907	76.314300	75.465353	
215	71.962427	76.314300	75.474714	
216	72.052643	76.317697	75.483493	
217	72.043427	76.317683	75.477190	
218	71.689640	76.347840	75.494397	
219	71.494740	76.391490	75.527048	
220	71.497963	76.337730	75.535474	
221	72.865083	76.341187	75.546245	
222	72.902053	76.334373	75.537993	
223	72.592497	76.334373	75.515529	
224	72.696210	76.334353	75.516919	
225	72.707643	76.347873	75.540097	
226	72.670580	76.347940	75.525990	
227	72.677807	76.341060	75.504592	
228	72.856093	76.337717	75.507896	
229	72.617587	76.314073	75.504628	
230	72.961883	76.314007	75.510142	
231	72.917597	76.314007	75.531372	
232	73.292487	76.297063	75.575303	
233	73.092493	76.276990	75.580025	
234	72.336417	76.270557	75.571396	
235	72.454050	76.270577	75.591262	
236	72.348637	76.270537	75.546616	
237	72.807517	76.264017	75.585151	
238	73.557117	76.277190	75.589153	
239	73.570163	76.280333	75.617457	
240	73.609203	76.280333	75.613596	
241	73.066013	76.273540	75.602644	
242	73.016563	76.283710	75.629058	
243	73.020993	76.290217	75.643643	
244	72.772093	76.276937	75.641791	
245	72.519140	76.276937	75.653175	
246	71.082133	76.280313	75.597741	
247	71.540127	76.280313	75.615194	
248	71.582873	76.276950	75.632610	
249	71.979487	76.273567	75.639827	
250	71.661243	76.260393	75.642156	
251	71.933767	76.263757	75.645348	
252	72.269037	76.276930	75.657263	
253	72.330967	76.277070	75.666346	
254	72.348673	76.280460	75.677346	
255	72.505087	76.280460	75.667591	
256	73.287887	76.280460	75.672107	
257	73.477260	76.280460	75.688993	
258	73.711880	76.264090	75.683152	
259	72.489743	76.264090	75.697354	
260	72.473247	76.267473	75.698081	
261	73.120023	76.270830	75.718416	
262	73.845507	76.277523	75.730456	
263	73.821563	76.291070	75.727803	
264	73.222923	76.291070	75.722283	
265	73.818127	76.257457	75.730565	
266	74.168950	76.257457	75.754099	
267	73.995323	76.257457	75.747004	
268	73.975697	76.257457	75.751597	
269	74.185400	76.257457	75.762912	
270	73.957063	76.257457	75.753829	
271	74.284893	76.257457	75.784175	
272	73.692823	76.257457	75.767206	
273	73.497500	76.243883	75.763756	
274	72.893320	76.243883	75.776874	
275	72.719897	76.243883	75.767662	
276	73.841083	76.243883	75.763730	
277	74.059347	76.240500	75.756765	
278	74.188763	76.240500	75.766487	
279	74.187550	76.240507	75.775295	
280	74.190993	76.253947	75.786198	
281	74.180950	76.253947	75.799253	
282	74.147250	76.230357	75.815937	
283	74.195010	76.230357	75.805961	
284	72.235057	76.230357	75.781608	
285	72.231090	76.230377	75.773468	
286	72.330847	76.233753	75.786969	
287	73.953840	76.237017	75.799746	
288	73.775537	76.223457	75.795708	
289	73.936580	76.230123	75.802623	
290	73.972497	76.216737	75.807694	
291	73.949567	76.220273	75.809362	
292	74.002033	76.223430	75.807658	
293	74.011810	76.223430	75.813983	
294	73.969073	76.216737	75.825272	
295	73.975780	76.216737	75.835739	
296	74.674610	76.216417	75.840985	
297	74.674610	76.216470	75.851327	
298	74.076433	76.226573	75.855098	
299	73.831663	76.213273	75.855996	
300	74.475300	76.209857	75.864960	
301	74.107110	76.209857	75.862425	
302	73.246600	76.209990	75.846103	
303	73.617600	76.209830	75.860277	
304	73.806973	76.213327	75.860001	
305	74.347747	76.213327	75.869333	
306	74.492720	76.209830	75.866532	
307	74.492660	76.203137	75.870341	
308	74.390297	76.203143	75.878865	
309	74.113687	76.203143	75.880171	
310	74.087340	76.209837	75.867134	
311	74.306257	76.209830	75.876021	
312	74.589173	76.226793	75.889984	
313	74.081977	76.226793	75.881267	
314	74.078403	76.226773	75.884725	
315	74.389947	76.223390	75.894893	
316	74.188333	76.223390	75.889224	
317	74.552910	76.223390	75.894963	
318	74.566217	76.223390	75.897417	
319	74.569613	76.230083	75.897725	
320	74.556453	76.286987	75.892465	
321	74.283067	76.286987	75.894245	
322	73.637947	76.236737	75.886493	
323	73.881170	76.240147	75.883279	
324	73.884540	76.240147	75.886178	
325	73.614397	76.236737	75.885263	
326	74.195587	76.236683	75.884534	
327	74.182067	76.229990	75.879283	
328	74.178797	76.229990	75.887924	
329	74.178797	76.229990	75.899812	
330	73.480757	76.229990	75.905677	
331	73.454223	76.223177	75.902397	
332	73.155880	76.226620	75.902757	
333	73.930170	76.229963	75.898918	
334	74.529260	76.223177	75.886612	
335	74.516180	76.229870	75.888489	
336	74.512943	76.223177	75.894453	
337	74.468713	76.223177	75.903409	
338	75.183470	76.219680	75.914258	
339	75.233100	76.219680	75.920903	
340	75.213573	76.219680	75.915583	
341	75.273880	76.219680	75.921294	
342	75.382873	76.196350	75.916385	
343	74.734383	76.196350	75.916234	
344	74.363917	76.206453	75.896461	
345	74.714317	76.206453	75.898835	
346	73.574430	76.192967	75.907784	
347	74.107673	76.192967	75.920483	
348	74.114140	76.189710	75.924549	
349	74.117070	76.189657	75.924059	
350	74.086220	76.206460	75.936996	
351	74.139360	76.202963	75.945783	
352	74.796227	76.202963	75.954862	
353	74.856747	76.199940	75.965357	
354	74.843760	76.196443	75.967204	
355	75.472550	76.202963	75.971338	
356	75.502393	76.199580	75.971558	
357	75.502393	76.203237	75.967978	
358	75.502393	76.193060	75.971713	
359	75.475620	76.179567	75.971291	
360	75.482293	76.179553	75.965970	
361	75.486070	76.192967	75.967128	
362	75.584473	76.192967	75.967814	
363	75.009817	76.192967	75.964115	
364	75.646697	76.203070	75.968928	
365	75.660270	76.199660	75.971367	
366	75.663607	76.199660	75.967147	
367	75.663660	76.182963	75.966191	
368	75.653630	76.182963	75.968627	
369	75.653630	76.182963	75.969422	
370	74.817010	76.196110	75.969178	
371	74.450087	76.196270	75.971848	
372	75.269697	76.202963	75.976152	
373	75.269910	76.202963	75.978149	
374	75.646897	76.202963	75.985135	
375	75.646897	76.202963	75.982621	
376	75.646897	76.202963	75.989253	
377	75.640257	76.202963	75.990680	
378	75.464843	76.196430	75.991358	
379	74.983180	76.183123	75.989042	
380	75.643633	76.196430	75.993333	
381	75.667083	76.196430	75.992722	
382	74.429750	76.199927	75.992043	
383	74.436390	76.189737	75.988464	
384	75.296550	76.203337	76.000085	
385	75.293127	76.210030	76.000075	
386	75.296550	76.210030	75.998542	
387	75.673723	76.203337	75.993585	
388	75.673723	76.196430	75.991906	
389	75.673723	76.196430	75.994099	
390	75.677033	76.196430	75.997200	
391	74.810047	76.196430	75.992055	
392	75.624553	76.199927	75.995851	
393	74.611523	76.199927	75.986897	
394	75.677033	76.196430	75.985300	
395	75.673610	76.196430	75.984171	
396	75.670180	76.193333	75.982430	
397	75.680430	76.203523	75.986261	
398	75.680430	76.203523	75.989416	
399	74.905487	76.203523	75.983316	
400	74.902177	76.203523	75.982528	
401	74.784510	76.203523	75.991297	
402	74.791177	76.203523	76.000853	
403	75.264803	76.176463	75.999934	
404	75.258163	76.176463	75.997585	
405	75.251577	76.176463	75.997782	
406	75.264803	76.176463	76.005159	
407	75.631127	76.176463	76.008029	
408	75.631127	76.176463	76.007102	
409	74.984243	76.176463	76.004348	
410	74.334003	76.176463	75.996253	
411	75.438403	76.176463	76.009525	
412	75.448273	76.176463	76.011656	
413	75.448273	76.176330	76.009206	
414	75.651367	76.176330	76.009864	
415	75.687017	76.176330	76.012890	
416	75.309843	76.176330	76.014343	
417	75.362963	76.176330	76.013384	
418	75.362963	76.176330	76.011468	
419	75.366307	76.179753	76.013448	
420	75.073727	76.179753	76.011978	
421	75.264777	76.176330	76.012643	
422	75.071353	76.202997	76.010584	
423	75.162377	76.172960	76.004616	
424	75.162377	76.172960	76.008272	
425	75.060883	76.172960	76.006264	
426	75.081323	76.172960	75.998885	
427	75.081323	76.172960	75.998432	
428	75.077933	76.169743	76.002209	
429	74.947187	76.169743	75.999665	
430	75.475193	76.169743	76.010494	
431	75.478617	76.169743	76.006032	
432	75.485550	76.166353	76.007944	
433	75.774110	76.166353	76.010383	
434	75.767470	76.159567	76.009964	
435	75.767470	76.166353	76.009312	
436	75.774110	76.166353	76.006661	
437	75.128990	76.159567	75.999635	
438	75.777467	76.159567	76.003489	
439	75.770827	76.159567	76.003320	
440	75.770827	76.159567	76.003360	
441	75.770827	76.156270	76.004576	
442	75.724027	76.153000	76.004663	
443	75.710293	76.153000	76.004706	
444	75.717387	76.153000	76.003089	
445	75.717440	76.153000	76.006940	
446	75.730533	76.153000	76.007296	
447	75.737293	76.153000	76.009338	
448	75.743813	76.153000	76.006214	
449	75.743813	76.153000	76.006981	
450	75.743813	76.153000	76.008914	
451	75.663277	76.153000	76.010628	
452	74.813357	76.159787	76.012391	
453	74.816700	76.139400	76.005522	
454	74.816700	76.139400	76.007740	
455	74.816700	76.139400	76.014730	
456	74.887373	76.139400	76.011153	
457	74.897237	76.139400	76.011389	
458	74.897237	76.139400	76.001962	
459	74.519210	76.139400	76.003551	
460	74.318207	76.136030	76.013255	
461	74.311310	76.136030	76.011393	
462	74.522863	76.136030	76.015236	
463	74.526213	76.136030	76.016552	
464	74.523063	76.136030	76.023088	
465	74.697570	76.136030	76.022829	
466	75.753777	76.136030	76.027257	
467	75.753777	76.136030	76.029040	
468	75.753983	76.136030	76.031988	
469	75.750613	76.136030	76.027405	
470	75.107200	76.136030	76.028985	
471	75.747290	76.136030	76.034196	
472	75.058927	76.136030	76.031954	
473	75.383037	76.136030	76.034250	
474	75.764420	76.136030	76.034950	
475	75.107410	76.136030	76.034481	
476	75.107410	76.136030	76.029078	
477	75.110753	76.136030	76.032119	
478	74.254077	76.132653	76.023827	
479	74.244593	76.132653	76.034368	
480	74.241197	76.132653	76.024943	
481	75.107837	76.132653	76.044878	
482	75.147650	76.132653	76.044327	
483	75.801303	76.132653	76.045551	
484	75.814157	76.132653	76.046984	
485	75.814157	76.132653	76.049791	
486	75.780663	76.132653	76.048976	
487	75.820743	76.132653	76.053052	
488	75.824087	76.132653	76.051915	
489	75.807437	76.132653	76.050281	
490	75.824087	76.159587	76.049715	
491	75.824087	76.159587	76.051224	
492	75.008060	76.159587	76.046354	
493	75.008113	76.159587	76.047485	
494	75.008113	76.159587	76.046338	
495	75.008113	76.159587	76.047729	
496	74.628727	76.159587	76.047711	
497	74.628727	76.166387	76.042509	
498	74.628727	76.159587	76.040526	
499	75.485127	76.159587	76.044447	
