0	60.091176	342.783235	184.372706	
1	69.889505	354.324592	195.441524	
2	76.770482	363.243483	205.310205	
3	82.126829	377.635136	214.946537	
4	88.743879	384.454947	224.183453	
5	100.559453	395.582064	234.311331	
6	105.946563	403.159044	243.979788	
7	105.671503	413.434782	251.018170	
8	105.255831	422.054610	259.798959	
9	114.369305	428.350456	268.435101	
10	118.710893	433.091339	278.616532	
11	132.561794	438.679181	286.786513	
12	143.530121	448.939676	295.367767	
13	143.017132	452.718053	301.345928	
14	155.996374	454.695547	309.327937	
15	168.084798	465.725639	315.113046	
16	173.691774	472.750401	321.989676	
17	174.805415	475.392371	329.139848	
18	180.088828	482.751312	336.594936	
19	185.731123	490.919685	342.499468	
20	190.604177	489.658642	349.224835	
21	201.627220	497.101445	356.082021	
22	210.266850	498.559440	361.677816	
23	208.526777	505.746811	366.184710	
24	213.461134	506.897057	370.139871	
25	226.148305	514.799027	376.654430	
26	232.196236	520.041338	381.399547	
27	234.718729	523.121997	385.748785	
28	236.721760	523.595388	388.856464	
29	239.495575	526.696678	392.209616	
30	245.098141	527.776951	395.330208	
31	246.293517	531.872837	400.121394	
32	240.915801	536.038707	404.340176	
33	243.851871	538.413679	408.159300	
34	252.401392	548.962168	412.718752	
35	260.237832	550.150510	416.204368	
36	272.634894	555.418208	421.184674	
37	279.616629	560.008785	425.878767	
38	283.547355	561.867531	429.520830	
39	283.988354	562.489355	433.203889	
40	286.200364	565.826370	436.247543	
41	295.332678	564.404996	441.131384	
42	293.688384	571.353927	444.067024	
43	292.043197	576.201181	446.392572	
44	295.328070	575.173429	449.767918	
45	305.960474	578.462579	452.778546	
46	307.536287	578.872350	456.039754	
47	312.632177	583.018355	458.947818	
48	312.766172	584.658307	462.769899	
49	320.617061	585.573895	466.406764	
50	322.551441	587.286404	469.351746	
51	326.241156	595.593791	471.398828	
52	329.770838	597.916148	473.884030	
53	332.623644	598.842892	476.060308	
54	332.926719	598.646630	478.244232	
55	338.802024	601.276102	480.622133	
56	337.012606	598.026867	482.812330	
57	344.231396	601.469629	485.371024	
58	346.948672	606.939376	488.737271	
59	348.669496	609.157304	491.542745	
60	350.018336	611.985078	493.509007	
61	353.316159	612.572982	495.797971	
62	352.654771	613.938187	497.569713	
63	360.706431	611.743370	500.111148	
64	361.831932	613.166192	502.387431	
65	365.870533	620.816285	506.026415	
66	367.933769	619.943624	507.452976	
67	368.593481	621.631018	509.249444	
68	374.831057	622.462718	512.301611	
69	378.101383	623.911495	514.818006	
70	383.618932	624.924255	516.772233	
71	387.143341	624.362128	519.344691	
72	383.044355	629.131191	521.235838	
73	389.508473	630.186525	522.748981	
74	391.565149	630.729767	525.186540	
75	388.104917	634.264342	526.738479	
76	394.161295	635.543636	528.504648	
77	392.785744	631.892900	529.808198	
78	393.304739	638.441257	532.280006	
79	404.445061	639.995265	533.489465	
80	406.645100	636.675773	534.673866	
81	413.991281	636.489910	536.139959	
82	412.318471	638.859857	537.655714	
83	413.914630	642.126375	539.146952	
84	415.959701	644.257357	540.884918	
85	416.711478	641.227181	542.427380	
86	419.183427	645.548578	544.504919	
87	424.758364	645.524831	545.927823	
88	422.679825	647.228585	547.594819	
89	427.779930	653.970583	549.764023	
90	425.289141	651.980323	551.092890	
91	428.764632	652.752800	552.757654	
92	427.483342	653.345854	553.829950	
93	431.019078	654.143112	554.602012	
94	431.221951	656.220241	556.043644	
95	427.855306	654.770733	557.515541	
96	436.431330	653.490915	559.896262	
97	440.934066	655.621224	562.066832	
98	444.975697	655.508693	563.499141	
99	449.538760	660.324429	564.809782	
100	447.484550	661.834395	566.451644	
101	449.071710	661.456399	567.344978	
102	448.308204	661.729865	568.356063	
103	444.720544	661.356851	569.275358	
104	447.713703	663.015986	570.409832	
105	453.494977	662.631299	572.473490	
106	457.159843	662.885437	573.739907	
107	459.430792	667.250780	575.393328	
108	462.369049	667.196998	576.741166	
109	467.061571	667.635546	578.868607	
110	470.735388	667.123011	579.429748	
111	469.158251	669.305793	580.118320	
112	467.843509	673.192371	581.302763	
113	468.640188	674.081662	582.520187	
114	477.874027	668.065934	582.950717	
115	475.218143	671.748892	583.409731	
116	471.354631	672.002375	584.165271	
117	476.762029	671.900033	584.716458	
118	482.932912	669.143528	586.650192	
119	482.226764	672.939076	587.590586	
120	479.239149	672.868454	589.200260	
121	481.218557	675.384026	590.890146	
122	489.529882	675.806681	593.101626	
123	492.470296	679.385178	594.441419	
124	493.770380	677.081636	594.622097	
125	491.365486	676.267805	595.170856	
126	489.998026	679.583514	596.014840	
127	489.819875	678.936735	597.069178	
128	496.270944	676.060703	597.668704	
129	494.309057	679.049264	599.129355	
130	499.129097	680.678973	601.213997	
131	500.165756	683.291410	601.865874	
132	501.323701	684.464725	603.692614	
133	503.191673	684.338618	604.609890	
134	507.143606	682.947527	605.778605	
135	507.844158	684.239890	606.955179	
136	503.560761	686.509850	607.853338	
137	508.151825	684.702599	608.533499	
138	510.484361	683.966350	609.193463	
139	512.599247	684.892566	610.444695	
140	510.724170	685.948605	611.919334	
141	506.281687	690.205194	612.190221	
142	510.661387	691.101501	612.744278	
143	514.726156	690.720797	613.350542	
144	514.575209	689.077935	614.939347	
145	514.002905	693.063199	616.410831	
146	512.839503	692.576513	616.898465	
147	520.551474	692.996334	617.960636	
148	520.553829	692.454410	618.551362	
149	524.034117	691.272147	620.266925	
150	527.889654	692.385788	620.831823	
151	523.960396	693.251932	621.675567	
152	523.766912	694.678615	622.271688	
153	525.005602	695.731029	623.576000	
154	528.403333	693.182271	623.601349	
155	527.361779	693.857811	623.940459	
156	527.088866	692.440274	624.398675	
157	534.523118	696.018507	625.501949	
158	532.873817	695.626974	626.301756	
159	532.133198	694.418886	627.073741	
160	530.956550	693.560419	627.464970	
161	532.706618	696.684225	628.146771	
162	529.550660	695.911262	628.523331	
163	533.899981	694.994568	629.478386	
164	536.977064	695.479776	630.286636	
165	536.813170	695.857954	631.124369	
166	538.975945	697.864163	631.670316	
167	541.793799	697.089210	631.739370	
168	542.927596	699.044836	632.314351	
169	542.506388	699.771110	632.649278	
170	545.959044	699.309215	633.447269	
171	545.338675	701.108567	634.262477	
172	546.104042	700.553807	635.059414	
173	548.633405	700.322533	635.916148	
174	550.033231	700.406876	636.503441	
175	551.527825	702.060282	637.243147	
176	550.243722	702.489610	637.919825	
177	546.999299	702.375283	638.730243	
178	550.493058	700.339800	639.767535	
179	552.817237	700.498002	640.390239	
180	552.103242	699.844116	640.750158	
181	551.160161	699.004498	640.702757	
182	554.556100	702.432651	641.159730	
183	560.427652	699.660650	641.769935	
184	562.749166	703.204085	642.005181	
185	563.379074	706.339705	642.613914	
186	559.965838	705.727084	643.382464	
187	562.991681	705.738627	643.282424	
188	561.570798	705.061023	644.053628	
189	562.575533	705.425325	644.108136	
190	561.700799	703.527665	644.495538	
191	567.907992	705.995563	645.187526	
192	559.554600	703.506073	645.716120	
193	564.930488	704.030157	646.124603	
194	567.465162	703.981987	647.193953	
195	567.306089	702.885568	647.132843	
196	566.969228	705.223895	647.946822	
197	566.975900	706.228640	648.481933	
198	574.238760	707.598423	649.201782	
199	572.946696	707.406984	649.593171	
200	572.742083	705.348824	649.823784	
201	575.591219	706.607162	650.635414	
202	579.006125	707.984622	651.287853	
203	578.604271	708.348426	651.466178	
204	581.592210	706.596538	652.122365	
205	579.116747	706.226113	652.276269	
206	580.954301	705.953161	652.970049	
207	579.909044	707.623350	653.413754	
208	584.075213	708.642212	654.046063	
209	585.409511	709.105746	654.554729	
210	581.404779	710.774828	655.264549	
211	583.089564	706.632672	655.681312	
212	583.046698	708.552443	656.387424	
213	587.473958	708.545813	656.733797	
214	588.351864	708.930014	657.059366	
215	589.955807	708.650979	657.114496	
216	588.618440	708.438267	657.658549	
217	589.196896	708.631710	657.896632	
218	587.275439	709.053767	657.818367	
219	589.301996	708.075996	657.932511	
220	590.241751	709.469475	657.773160	
221	594.747416	709.321317	658.276951	
222	592.228127	710.343791	658.374268	
223	588.730810	709.586861	659.367546	
224	592.451986	709.004275	659.497321	
225	592.801059	709.923814	659.713392	
226	593.283538	710.977249	660.324175	
227	595.990543	710.311870	660.807248	
228	593.715934	708.836909	660.935102	
229	592.844807	708.235045	660.954606	
230	594.053458	709.962101	661.509072	
231	592.821551	709.778583	661.885529	
232	599.373455	709.762201	662.405414	
233	598.377589	709.679863	662.805510	
234	600.175638	710.509606	663.088283	
235	598.202409	710.414986	663.445315	
236	600.427967	711.615136	664.145930	
237	600.633450	712.349344	664.194781	
238	598.412012	710.857753	664.735087	
239	601.025177	713.456725	665.207227	
240	605.407946	711.894313	665.598797	
241	605.698781	709.137284	665.925834	
242	603.203783	710.951951	665.851958	
243	601.617633	710.760498	665.872881	
244	605.149002	710.860525	665.822873	
245	605.632032	713.804315	666.166853	
246	601.619816	712.459890	666.506050	
247	603.189971	712.552345	666.692080	
248	607.708408	712.794829	667.412233	
249	604.285301	711.863637	667.604854	
250	604.505801	713.013491	667.816698	
251	608.128469	711.458229	668.436565	
252	606.557436	711.870935	667.952917	
253	603.599766	712.548203	668.243320	
254	606.437819	713.472565	668.298985	
255	604.783350	711.658707	669.001426	
256	607.742123	712.631344	669.029427	
257	606.229857	710.873889	669.079187	
258	607.647021	712.854743	669.491028	
259	609.511168	712.139276	669.589767	
260	609.800107	711.508852	669.524607	
261	611.240807	711.959970	669.745597	
262	611.851138	711.798689	669.947120	
263	610.286203	711.719122	670.265533	
264	610.151006	713.792082	670.177233	
265	610.166662	713.340057	670.235957	
266	611.941929	712.134464	670.660814	
267	611.450566	712.923016	671.085797	
268	609.352273	712.242805	671.001277	
269	610.736550	713.713068	670.700430	
270	610.929821	713.064915	670.747625	
271	610.340904	712.571592	670.732886	
272	615.599729	713.616469	670.970389	
273	615.564102	713.162415	671.364369	
274	615.762232	712.996047	671.410282	
275	614.563911	713.833166	671.557739	
276	615.354234	713.253223	671.746484	
277	616.255694	713.992569	671.815078	
278	617.437334	713.944759	672.322935	
279	617.281017	714.712959	672.667482	
280	617.709941	713.199018	672.566391	
281	618.641019	714.417764	672.698386	
282	618.037837	713.820042	672.981086	
283	617.229803	712.134656	672.936815	
284	616.162307	714.440904	673.699689	
285	618.234567	713.680783	673.878281	
286	616.864703	713.760100	674.211557	
287	614.757945	714.186227	674.091205	
288	617.935824	712.262529	674.727248	
289	619.772188	712.963658	674.799432	
290	621.893539	712.855087	674.914384	
291	621.694965	712.798185	675.230566	
292	623.702405	713.009811	675.535198	
293	623.078844	713.712036	675.781930	
294	622.948553	714.661581	676.128710	
295	621.620631	712.981173	676.388590	
296	620.751168	713.505952	676.341484	
297	622.858893	713.555426	676.929865	
298	622.311638	714.931051	677.187087	
299	624.487314	713.750160	677.478342	
300	624.286199	714.173194	677.430993	
301	623.894800	713.209306	677.293112	
302	622.077872	712.704741	676.834508	
303	621.563223	711.932207	677.106031	
304	623.188740	713.916683	677.337213	
305	625.739139	712.569501	677.371748	
306	628.102140	713.285947	677.474588	
307	627.090456	713.281231	677.643973	
308	628.113637	713.616498	678.191587	
309	628.074442	713.963300	678.253166	
310	626.929750	714.520122	678.547803	
311	628.198383	712.424037	678.915761	
312	628.493655	714.299926	679.011701	
313	629.300309	714.806170	679.445040	
314	628.676121	713.832886	679.850310	
315	631.153552	714.240463	679.601068	
316	632.892371	715.339743	679.787924	
317	631.694672	714.391529	680.162903	
318	633.055237	713.317342	680.094742	
319	632.563837	714.137457	680.259644	
320	630.447954	713.598178	680.895537	
321	634.569049	714.154293	681.001043	
322	634.259689	714.141410	680.946457	
323	637.955048	715.379994	681.256678	
324	634.497336	715.734776	681.423384	
325	635.911427	715.340787	681.774757	
326	634.397070	715.501257	682.100632	
327	634.566318	714.282215	681.841864	
328	635.887376	714.847639	681.994996	
329	633.409238	715.296331	681.992995	
330	636.271074	714.661307	682.180095	
331	635.710988	715.037183	682.347070	
332	635.479163	714.896168	682.419833	
333	635.680418	714.992040	682.401519	
334	634.280977	715.725943	682.572364	
335	635.733722	715.738576	682.961509	
336	638.470537	716.156080	682.796253	
337	637.850578	715.326341	683.137454	
338	637.339342	715.605735	683.460779	
339	638.139119	715.573234	683.676808	
340	640.425371	717.384579	683.942470	
341	638.048547	716.027499	684.343512	
342	639.984996	716.060720	684.745723	
343	639.437682	715.644968	684.922968	
344	639.445366	715.400516	685.104405	
345	640.689312	715.692924	685.216948	
346	642.341054	716.109775	685.206400	
347	641.531745	714.633859	685.562202	
348	644.558403	715.584821	685.631438	
349	644.369937	716.310673	685.928922	
350	644.755276	716.935978	686.102496	
351	645.623145	715.376824	686.129910	
352	643.985702	715.090737	686.450898	
353	646.899789	714.514330	686.912073	
354	644.025473	714.799851	686.732476	
355	645.723486	716.273835	686.638296	
356	646.171150	715.055103	686.730831	
357	648.330915	714.517243	687.150991	
358	644.629785	716.187467	687.338452	
359	649.219765	714.871795	687.735549	
360	647.158402	716.009795	687.996717	
361	648.574415	717.092578	688.110295	
362	648.391730	715.647570	687.994484	
363	649.343904	716.780734	688.174224	
364	649.114950	716.283159	688.475545	
365	649.731455	716.903406	688.714479	
366	649.988006	716.287532	688.541148	
367	649.544149	717.088186	688.385111	
368	652.599072	716.413184	688.684417	
369	650.654391	716.341813	688.508214	
370	650.619004	715.626568	689.159540	
371	651.367084	716.835544	689.496929	
372	651.234014	716.684126	689.656905	
373	651.866571	716.173704	689.787529	
374	652.007319	716.713809	689.827644	
375	652.272912	716.112296	689.888974	
376	650.056220	716.258336	689.935440	
377	649.711730	716.026835	690.181882	
378	650.683250	715.887380	689.859158	
379	649.113078	717.230968	690.171658	
380	650.336339	716.173535	690.235586	
381	650.539249	716.009214	690.402379	
382	649.809657	717.310240	690.433644	
383	650.202289	715.960882	690.690376	
384	650.909267	718.147208	690.686349	
385	651.979638	717.580081	690.845579	
386	651.112753	716.000481	690.698417	
387	652.050391	716.701848	690.906796	
388	654.069794	716.614072	690.947913	
389	653.597065	716.725923	691.011688	
390	651.640120	717.089194	691.079305	
391	652.520248	715.531331	690.963823	
392	654.519958	717.160423	691.037117	
393	653.193738	717.007571	691.008926	
394	656.027421	716.785218	691.208813	
395	654.527639	717.099400	691.363975	
396	654.495297	716.967798	691.325332	
397	653.304828	717.424664	691.695733	
398	653.048561	717.176246	691.632897	
399	653.755794	716.734776	691.720665	
400	655.141711	716.325711	691.935254	
401	655.416815	716.440607	692.226204	
402	654.901022	716.465404	691.954241	
403	656.594504	716.868755	692.194116	
404	653.727807	715.698024	692.019096	
405	656.812025	716.184006	692.091710	
406	657.155135	715.765636	692.043002	
407	655.950303	716.516659	692.366681	
408	657.955908	717.360070	692.626705	
409	657.516020	716.651517	692.745571	
410	656.970675	717.079994	692.720427	
411	659.144996	716.171946	692.570768	
412	657.017171	716.881411	692.741665	
413	659.078634	716.562810	692.925172	
414	658.403982	717.385279	692.875891	
415	656.584812	715.959662	692.778466	
416	657.358976	717.407796	692.823944	
417	658.215110	716.465326	692.807097	
418	657.323397	716.749606	692.783522	
419	658.849628	716.925709	692.884939	
420	660.567592	716.483998	693.196717	
421	658.311770	717.086651	693.151129	
422	657.660823	717.008144	693.387777	
423	659.259631	716.276854	693.260197	
424	657.966445	716.644066	693.287068	
425	660.068350	717.961954	692.983683	
426	659.767404	716.977191	693.079331	
427	660.764275	716.279237	692.983203	
428	659.097231	716.608661	693.432811	
429	660.837297	715.883363	693.488525	
430	661.488836	717.524434	693.643240	
431	662.707169	717.666163	693.664297	
432	663.084485	718.586708	693.733991	
433	662.310281	717.664685	693.649886	
434	663.534819	717.102342	693.818867	
435	664.262903	717.540316	693.773773	
436	664.630940	716.709060	693.737339	
437	663.916594	717.082598	693.991678	
438	664.843332	716.309005	694.224608	
439	663.273287	716.728669	694.029679	
440	663.708733	716.849861	694.138920	
441	663.212942	717.098533	694.200284	
442	663.919969	716.255131	694.385866	
443	663.298710	717.728615	694.255411	
444	663.148411	717.910690	694.149849	
445	662.549228	718.036311	694.314064	
446	662.489780	716.153631	694.356511	
447	662.679651	717.578077	694.393587	
448	665.291106	716.632145	694.365950	
449	666.432990	716.668403	694.196705	
450	663.736166	715.983152	694.131290	
451	664.952279	716.710121	694.259450	
452	665.048353	716.508055	694.217518	
453	664.107686	716.082609	694.310012	
454	663.051333	716.385628	694.226578	
455	665.567006	716.092645	694.332717	
456	666.166131	717.124680	694.369621	
457	666.004356	717.063780	694.344250	
458	664.524418	716.884046	694.321427	
459	664.426128	717.053242	694.188075	
460	664.470127	717.694407	694.368916	
461	664.604141	716.337181	694.341097	
462	663.905751	716.963623	694.385351	
463	665.000061	716.767734	694.781336	
464	662.944415	718.321863	694.722572	
465	664.431726	716.611419	694.852962	
466	663.688589	716.367933	694.771938	
467	664.193517	717.854947	694.896086	
468	663.822777	716.742875	695.073518	
469	665.877437	716.546936	695.436152	
470	663.987827	717.183130	695.399735	
471	664.327692	717.755367	695.472464	
472	664.252219	717.346553	695.559043	
473	667.201533	716.641660	695.595389	
474	666.942445	716.625392	695.730738	
475	667.945525	716.728779	695.509602	
476	666.897105	716.763905	695.488908	
477	666.941876	715.978965	695.573731	
478	667.589870	718.187237	695.633816	
479	667.354993	717.181519	695.713502	
480	666.680640	717.070816	695.754518	
481	663.243401	716.828901	695.592386	
482	665.690980	717.594332	695.519660	
483	665.448187	717.237898	695.544752	
484	665.627050	717.404425	695.707527	
485	666.476166	717.907232	695.698893	
486	667.032451	717.446694	695.850582	
487	667.120682	717.788387	695.917218	
488	665.848594	717.152123	695.902074	
489	667.904008	716.215606	695.862736	
490	669.954252	716.124278	696.056262	
491	669.925958	716.797708	696.102593	
492	669.756165	716.974759	696.292223	
493	669.083203	716.738491	696.409778	
494	669.610128	717.176143	696.347128	
495	668.766868	716.891318	696.534100	
496	671.020079	717.625975	696.617849	
497	669.942540	716.036379	696.478734	
498	669.182283	715.986437	696.530133	
499	670.366359	716.190585	696.413100	
