0	2.771363	68.125160	31.944703	
1	3.323533	70.549620	36.247042	
2	4.798807	71.843060	40.103788	
3	8.604317	72.902217	43.135206	
4	9.786710	73.210193	45.525252	
5	10.753500	73.825837	47.485137	
6	11.723260	73.920767	48.922077	
7	13.219737	74.056637	50.270596	
8	14.718810	74.461597	51.706922	
9	15.871003	75.116140	52.943054	
10	17.410353	75.338680	53.945005	
11	18.379080	75.434017	54.852867	
12	18.483930	75.221020	55.350606	
13	18.787317	75.440247	55.803716	
14	19.391717	75.709197	56.594071	
15	19.319370	75.715657	56.872717	
16	20.860243	75.642543	57.387266	
17	20.939760	75.837923	58.063142	
18	22.498550	76.087160	58.654288	
19	22.265050	76.092340	59.119304	
20	23.111227	76.417063	59.538191	
21	23.669567	76.412300	60.065360	
22	25.451337	76.507393	60.628134	
23	25.306263	76.441590	60.989024	
24	24.189067	76.412380	61.114082	
25	24.551053	76.522183	61.629564	
26	25.329447	76.630067	61.877431	
27	25.928177	76.620730	62.047888	
28	26.155527	76.701803	62.370466	
29	27.340430	76.903197	62.775864	
30	29.792770	76.700323	63.163105	
31	28.884763	76.775970	63.653950	
32	30.387790	76.591863	63.891108	
33	31.166270	76.690543	64.240719	
34	29.802083	76.840760	64.688138	
35	33.950627	76.858883	65.065182	
36	34.192020	76.750190	65.228744	
37	34.704327	76.784023	65.663923	
38	34.735700	76.820727	66.061522	
39	35.769650	76.823463	66.234808	
40	36.429743	76.900133	66.540239	
41	37.020907	76.803797	66.565284	
42	37.354553	76.846370	66.804745	
43	36.793800	76.953853	66.914107	
44	37.722883	76.943330	66.959881	
45	36.598333	76.967213	67.157881	
46	36.568323	76.901047	67.330547	
47	39.386510	77.039030	67.549955	
48	38.744747	77.045430	67.736453	
49	40.968947	76.886060	68.056300	
50	39.736887	76.975677	68.274564	
51	39.695770	77.065650	68.414908	
52	40.377003	77.141313	68.683631	
53	41.719530	77.098857	68.815767	
54	41.895700	77.143997	68.850110	
55	42.435683	77.124590	68.950178	
56	44.832850	77.222120	69.195657	
57	43.863550	77.024440	69.477015	
58	44.578493	77.139530	69.847665	
59	44.815107	77.335203	70.087620	
60	46.846557	77.325280	70.225105	
61	46.515567	77.311100	70.398078	
62	46.868980	77.243090	70.470569	
63	47.214567	77.285613	70.540230	
64	47.808157	77.287950	70.700315	
65	46.430770	77.377820	70.780712	
66	47.385927	77.391720	70.862434	
67	47.883190	77.255763	70.974671	
68	48.314567	77.297280	71.072065	
69	49.220973	77.259233	71.173153	
70	49.963763	77.420793	71.226922	
71	48.686227	77.358323	71.303090	
72	49.166517	77.398237	71.542122	
73	48.279123	77.408933	71.661301	
74	48.165613	77.400080	71.680892	
75	50.177673	77.328037	71.795849	
76	48.151017	77.373497	71.835809	
77	49.217327	77.445267	71.969385	
78	49.478063	77.472267	72.085666	
79	49.088017	77.331123	72.064077	
80	49.921810	77.407027	72.200345	
81	49.261717	77.292900	72.319066	
82	51.747187	77.386300	72.418009	
83	50.391223	77.312553	72.483492	
84	51.730587	77.320760	72.556862	
85	51.676020	77.330783	72.702703	
86	50.667137	77.361273	72.748325	
87	52.285490	77.325693	72.890386	
88	53.387780	77.350057	73.079120	
89	52.221877	77.360240	73.116262	
90	51.416817	77.383390	73.179662	
91	52.545047	77.502277	73.239902	
92	54.622247	77.377143	73.344722	
93	56.560933	77.386213	73.384458	
94	53.904113	77.402457	73.381302	
95	54.155567	77.338827	73.462695	
96	54.238943	77.433040	73.574461	
97	55.461393	77.420540	73.586692	
98	55.595793	77.459740	73.706051	
99	53.440513	77.386380	73.728523	
100	55.132157	77.417470	73.741549	
101	54.721510	77.470243	73.800336	
102	54.382083	77.423377	73.838141	
103	55.148597	77.487160	73.846783	
104	57.311720	77.459873	73.926666	
105	55.593813	77.416343	73.957980	
106	54.868867	77.452647	73.937859	
107	56.563763	77.422877	74.026167	
108	55.221470	77.416523	74.018648	
109	54.187497	77.376070	74.041257	
110	56.243160	77.442963	74.166827	
111	54.597537	77.440040	74.199262	
112	55.116963	77.473853	74.203823	
113	53.739767	77.483383	74.142357	
114	53.570807	77.415643	74.180991	
115	53.881840	77.434047	74.257533	
116	55.225997	77.370103	74.280239	
117	55.774633	77.331820	74.329286	
118	55.188393	77.480680	74.348472	
119	56.509447	77.473373	74.403494	
120	58.909207	77.440353	74.425952	
121	57.319703	77.413240	74.435701	
122	58.957917	77.430037	74.483166	
123	56.988033	77.480400	74.479570	
124	56.973627	77.491550	74.486711	
125	55.931190	77.373747	74.476536	
126	56.284757	77.436970	74.522911	
127	55.686683	77.450803	74.481182	
128	55.390780	77.481680	74.504223	
129	54.351100	77.411243	74.534739	
130	54.405050	77.430357	74.562783	
131	55.828390	77.404690	74.541885	
132	56.130427	77.421627	74.565847	
133	56.157873	77.424630	74.587099	
134	58.342913	77.407473	74.678827	
135	57.280250	77.427633	74.690728	
136	57.633920	77.461953	74.715946	
137	56.824567	77.459050	74.775681	
138	59.260840	77.478277	74.827471	
139	58.213227	77.471323	74.889720	
140	57.939460	77.411230	74.945069	
141	56.567650	77.498250	74.927414	
142	55.989323	77.467407	74.908262	
143	55.744113	77.508120	74.903746	
144	57.244253	77.448220	74.879351	
145	58.099703	77.489937	74.935018	
146	57.545323	77.432373	74.909905	
147	57.678500	77.482950	74.945087	
148	56.659267	77.485840	74.941886	
149	55.940890	77.447427	74.977051	
150	55.622053	77.465143	74.963579	
151	55.218487	77.505957	74.957033	
152	56.234153	77.516287	75.005290	
153	55.410333	77.512917	74.989481	
154	56.132547	77.532583	75.045953	
155	56.277167	77.549947	75.054747	
156	57.049137	77.508733	75.046377	
157	56.668823	77.558757	75.024638	
158	55.724353	77.504717	75.028854	
159	56.805227	77.581953	75.073619	
160	55.221253	77.515027	75.066185	
161	57.200447	77.481500	75.077446	
162	55.598170	77.428713	75.109399	
163	56.603827	77.445303	75.105146	
164	56.034547	77.440093	75.110010	
165	55.038080	77.504123	75.101177	
166	58.681377	77.517310	75.163674	
167	57.788787	77.440753	75.155256	
168	55.690797	77.420253	75.116954	
169	56.793080	77.438413	75.109057	
170	55.812443	77.432107	75.079509	
171	55.815583	77.402957	75.118925	
172	58.026187	77.470610	75.157993	
173	54.995763	77.498950	75.122326	
174	55.108610	77.595553	75.186928	
175	55.635683	77.507927	75.189474	
176	55.586033	77.486780	75.203185	
177	56.460910	77.534133	75.268299	
178	55.028260	77.548540	75.215150	
179	55.523947	77.559183	75.258241	
180	55.826460	77.510683	75.260901	
181	55.674357	77.433753	75.256364	
182	56.000020	77.364707	75.327725	
183	56.905467	77.406913	75.334735	
184	56.328860	77.416463	75.400823	
185	55.868637	77.459873	75.379784	
186	55.834373	77.467233	75.351044	
187	56.810103	77.430557	75.339549	
188	57.191677	77.408837	75.366232	
189	57.160567	77.430610	75.384172	
190	57.154447	77.433467	75.382044	
191	56.509967	77.500407	75.384884	
192	56.904600	77.433033	75.395464	
193	57.842680	77.386553	75.422238	
194	59.943903	77.443070	75.408259	
195	59.481357	77.386000	75.411152	
196	56.698750	77.450103	75.335460	
197	57.561653	77.441643	75.352530	
198	58.206003	77.457190	75.332318	
199	56.805400	77.425287	75.384496	
200	57.656310	77.428603	75.413577	
201	56.141907	77.448743	75.441107	
202	57.330740	77.398480	75.474848	
203	56.831717	77.440947	75.390049	
204	55.765357	77.373893	75.381809	
205	55.989990	77.406693	75.396657	
206	56.425730	77.440620	75.434135	
207	55.751060	77.433753	75.432781	
208	56.312763	77.443663	75.426514	
209	56.445457	77.389743	75.422394	
210	55.305750	77.403230	75.362286	
211	54.909727	77.473947	75.321353	
212	55.631523	77.443723	75.318142	
213	54.257550	77.440560	75.344221	
214	56.227730	77.453747	75.389568	
215	56.791110	77.397537	75.376750	
216	55.699673	77.393860	75.381707	
217	55.737810	77.417063	75.391739	
218	56.442453	77.372727	75.417909	
219	56.744847	77.403010	75.442066	
220	58.106693	77.426513	75.416800	
221	55.563750	77.430570	75.403596	
222	56.960907	77.417663	75.392848	
223	57.632230	77.440000	75.452207	
224	59.200703	77.477503	75.497545	
225	58.083187	77.470550	75.496478	
226	57.440767	77.433213	75.498352	
227	58.541810	77.456583	75.518684	
228	58.774683	77.433300	75.551803	
229	59.943163	77.389077	75.548527	
230	57.314570	77.379767	75.484144	
231	56.738797	77.419427	75.585413	
232	56.041307	77.383037	75.555770	
233	57.563650	77.375570	75.575090	
234	57.692067	77.368870	75.601182	
235	56.218050	77.374603	75.612138	
236	57.893463	77.409130	75.635104	
237	57.568937	77.411140	75.611414	
238	55.429980	77.387677	75.574242	
239	58.510993	77.375943	75.561045	
240	59.093150	77.381910	75.593119	
241	58.278150	77.426707	75.552251	
242	57.212250	77.423077	75.543669	
243	54.977017	77.425807	75.538378	
244	54.436863	77.396257	75.565757	
245	57.056680	77.459967	75.634793	
246	56.161130	77.405800	75.608832	
247	56.184293	77.426153	75.578160	
248	56.870807	77.432200	75.615880	
249	57.454993	77.426347	75.613670	
250	57.655103	77.413467	75.575575	
251	58.940057	77.375730	75.617383	
252	58.500887	77.377003	75.581245	
253	57.804857	77.295870	75.556614	
254	55.536603	77.288810	75.509976	
255	57.821873	77.375917	75.570264	
256	60.815037	77.355657	75.621217	
257	58.450220	77.365367	75.643217	
258	59.617210	77.368597	75.622429	
259	57.712877	77.338520	75.603255	
260	57.914683	77.322117	75.541972	
261	56.264387	77.362517	75.505935	
262	56.869733	77.295343	75.529538	
263	56.377153	77.308077	75.536242	
264	53.066217	77.365287	75.463184	
265	57.227417	77.324807	75.517889	
266	55.333503	77.322263	75.513628	
267	55.914343	77.351940	75.551086	
268	54.454340	77.322097	75.589556	
269	55.519043	77.326760	75.601717	
270	58.208600	77.416663	75.639147	
271	57.597807	77.377380	75.668853	
272	56.576293	77.350367	75.647945	
273	57.211743	77.373750	75.673714	
274	58.166880	77.376733	75.644403	
275	57.492493	77.400590	75.630963	
276	56.665653	77.403873	75.551676	
277	55.883250	77.397480	75.559908	
278	55.388060	77.367390	75.594415	
279	54.346530	77.346630	75.588056	
280	56.451500	77.421090	75.594000	
281	56.311227	77.417760	75.624730	
282	55.825050	77.423927	75.607637	
283	56.474830	77.410113	75.583353	
284	57.676867	77.360297	75.595888	
285	56.024443	77.434057	75.567926	
286	56.254553	77.417547	75.567501	
287	56.176293	77.455603	75.582177	
288	57.404470	77.415017	75.606730	
289	56.274057	77.414917	75.641877	
290	57.611850	77.340390	75.663824	
291	57.063467	77.354157	75.667802	
292	58.339597	77.347430	75.694758	
293	59.608737	77.367677	75.694225	
294	58.091900	77.347503	75.620094	
295	59.788327	77.437993	75.632568	
296	57.464310	77.424947	75.604049	
297	57.227630	77.435177	75.623245	
298	59.810277	77.424327	75.604911	
299	56.536847	77.441003	75.619594	
300	57.835773	77.420857	75.659285	
301	56.827027	77.481390	75.658720	
302	57.226607	77.494730	75.609153	
303	55.983463	77.434363	75.657652	
304	56.060907	77.451320	75.684481	
305	56.546060	77.427603	75.692718	
306	55.417490	77.427563	75.746356	
307	55.536687	77.390373	75.732781	
308	56.510907	77.383560	75.762043	
309	57.767627	77.420737	75.768272	
310	58.728120	77.417487	75.797013	
311	57.120330	77.441190	75.759957	
312	58.483803	77.407523	75.794774	
313	57.042933	77.403900	75.750938	
314	58.171460	77.418213	75.783366	
315	56.624953	77.418167	75.761709	
316	57.264153	77.414097	75.816592	
317	58.114710	77.397640	75.802649	
318	56.949587	77.393683	75.780242	
319	55.915520	77.387783	75.728927	
320	55.660983	77.380663	75.695312	
321	55.461340	77.390713	75.695861	
322	57.251997	77.434570	75.726949	
323	56.201533	77.454483	75.696830	
324	58.626853	77.407490	75.717945	
325	57.087377	77.394157	75.709426	
326	57.954197	77.404300	75.732116	
327	57.917447	77.414510	75.747221	
328	56.549967	77.414143	75.791434	
329	57.914497	77.417880	75.834541	
330	57.570803	77.420810	75.839980	
331	60.053293	77.390547	75.816578	
332	58.727267	77.350447	75.776278	
333	59.229917	77.384260	75.760037	
334	57.864043	77.424700	75.760754	
335	57.586643	77.400997	75.746152	
336	58.158990	77.373670	75.780527	
337	57.127563	77.390780	75.780732	
338	56.385440	77.431333	75.749253	
339	56.855433	77.411493	75.748295	
340	58.953200	77.434570	75.772959	
341	57.051093	77.461530	75.740312	
342	55.213463	77.467657	75.734746	
343	56.706720	77.471280	75.759673	
344	56.250087	77.484347	75.739711	
345	56.107973	77.504893	75.758216	
346	57.760580	77.498100	75.784599	
347	59.489003	77.453917	75.808999	
348	56.063960	77.470800	75.730578	
349	55.088437	77.463967	75.742012	
350	57.236297	77.431127	75.777967	
351	56.633233	77.433777	75.781449	
352	57.489373	77.423467	75.767017	
353	57.839890	77.446963	75.771228	
354	57.177510	77.440663	75.786053	
355	58.777347	77.497200	75.849429	
356	59.138103	77.409833	75.839989	
357	58.613890	77.436953	75.845193	
358	59.037260	77.423513	75.811901	
359	57.544883	77.399883	75.830750	
360	58.512513	77.426910	75.839088	
361	57.777180	77.426637	75.846771	
362	55.563610	77.447190	75.851725	
363	57.276453	77.430407	75.834813	
364	56.873083	77.450900	75.776602	
365	56.790510	77.450853	75.815106	
366	57.306837	77.410260	75.854672	
367	56.958523	77.477967	75.866276	
368	57.636843	77.444027	75.869459	
369	57.911487	77.441350	75.855201	
370	57.585580	77.423533	75.832918	
371	56.148793	77.430313	75.861439	
372	57.451560	77.443927	75.837388	
373	57.513013	77.504447	75.798975	
374	57.835147	77.494437	75.787745	
375	58.419297	77.464153	75.838142	
376	54.973877	77.440510	75.782902	
377	58.467307	77.460937	75.831060	
378	59.959683	77.454217	75.897200	
379	60.883017	77.430413	75.919571	
380	58.995817	77.434123	75.894227	
381	56.943597	77.431193	75.917436	
382	57.535377	77.427117	75.923349	
383	56.678283	77.457507	75.898585	
384	59.145963	77.450447	75.972989	
385	56.795977	77.470720	75.961000	
386	57.683120	77.470687	75.946859	
387	57.732577	77.467823	75.982677	
388	58.227340	77.508190	75.974122	
389	59.896143	77.471713	75.996601	
390	57.035080	77.451733	75.970056	
391	57.288107	77.471133	75.942462	
392	57.326840	77.440710	75.938626	
393	56.693577	77.484427	75.942743	
394	55.309367	77.478040	75.941536	
395	56.796690	77.487577	75.988217	
396	57.422217	77.491380	76.049533	
397	56.632907	77.467550	76.025611	
398	56.206633	77.493937	76.027075	
399	56.064367	77.535243	76.034575	
400	55.711990	77.535237	75.984930	
401	57.388087	77.531467	75.977614	
402	56.583310	77.501737	75.963584	
403	56.482370	77.554943	75.893739	
404	56.275500	77.558420	75.861261	
405	55.318023	77.585753	75.900245	
406	56.796927	77.528170	75.934035	
407	57.908740	77.551627	75.940148	
408	58.235137	77.548430	75.926443	
409	56.756870	77.515757	75.898289	
410	59.058567	77.559300	75.938342	
411	57.342047	77.522417	75.904181	
412	55.286023	77.549543	75.916660	
413	54.606413	77.552993	75.903439	
414	55.800237	77.492287	75.909510	
415	55.863577	77.512493	75.947279	
416	57.567000	77.525300	76.046746	
417	57.215743	77.558933	75.960979	
418	57.708910	77.586000	75.970798	
419	56.224863	77.565607	75.949444	
420	57.914140	77.497933	75.982018	
421	58.508653	77.467977	75.970969	
422	58.243347	77.508163	75.897439	
423	60.015670	77.458047	75.983166	
424	58.731837	77.461610	75.963640	
425	58.053703	77.475350	75.972763	
426	57.786113	77.485400	76.013508	
427	58.684823	77.505413	76.019248	
428	59.241087	77.424640	75.995282	
429	58.427660	77.459033	75.979864	
430	60.443547	77.448630	76.021785	
431	57.312193	77.472253	75.988497	
432	58.523620	77.481970	76.002297	
433	57.960133	77.485640	75.914938	
434	56.562297	77.522283	75.898074	
435	55.989407	77.528603	75.832337	
436	56.895433	77.502043	75.898151	
437	56.378957	77.481903	75.873112	
438	56.339343	77.464800	75.839796	
439	55.902110	77.478693	75.833453	
440	55.803050	77.518360	75.842085	
441	56.277510	77.468370	75.837309	
442	55.042940	77.495083	75.844042	
443	59.105213	77.498433	75.872336	
444	57.877057	77.468083	75.891244	
445	56.523360	77.474683	75.833776	
446	58.948470	77.471320	75.868725	
447	59.556420	77.430873	75.924022	
448	59.941483	77.461517	75.896608	
449	57.587653	77.438127	75.867249	
450	57.818460	77.464480	75.891643	
451	58.251720	77.494697	75.919364	
452	58.199573	77.467597	75.857480	
453	58.724277	77.433703	75.901864	
454	59.764983	77.514137	75.923622	
455	58.560130	77.524993	75.933617	
456	56.142750	77.454450	75.913489	
457	57.619363	77.454350	75.924342	
458	59.797463	77.457473	75.949503	
459	57.229660	77.430467	75.962767	
460	59.628670	77.450700	76.013566	
461	57.789013	77.420150	75.979882	
462	56.951423	77.433750	75.907537	
463	56.531080	77.427063	75.838449	
464	56.086327	77.410127	75.892649	
465	55.367813	77.434023	75.896529	
466	56.248030	77.400010	75.909399	
467	57.216110	77.457547	75.885688	
468	58.220133	77.423940	75.947100	
469	57.999250	77.396900	75.955451	
470	57.624663	77.423753	75.940444	
471	58.264033	77.413570	75.981666	
472	57.447913	77.416820	75.995817	
473	59.067790	77.470720	76.026959	
474	60.327960	77.450713	76.028354	
475	56.079423	77.474370	76.001707	
476	59.421637	77.484307	76.035519	
477	57.827980	77.514337	75.988239	
478	55.034847	77.497860	75.961422	
479	56.587343	77.484247	75.934499	
480	56.160307	77.474523	75.855197	
481	56.802357	77.487683	75.947181	
482	57.148503	77.470667	75.920618	
483	58.060683	77.433870	75.930613	
484	55.862023	77.466770	75.919160	
485	55.300467	77.480550	75.887638	
486	56.984253	77.497273	75.895699	
487	55.857267	77.510587	75.887695	
488	55.083403	77.531027	75.927274	
489	54.617643	77.466743	75.937334	
490	54.094080	77.463773	75.911615	
491	55.755520	77.460237	75.918204	
492	56.021597	77.537700	75.882990	
493	57.198070	77.493343	75.970182	
494	57.524747	77.527497	75.952872	
495	57.103420	77.541223	75.972531	
496	55.180103	77.538147	75.942492	
497	57.675207	77.588683	75.975462	
498	57.598763	77.558280	75.984314	
499	55.910940	77.588490	76.008377	
