-9.366667,21.366667,8.523833,
-4.633333,23.033333,11.359500,
-0.733333,23.633333,13.189500,
1.000000,24.133333,14.566667,
2.300000,24.600000,15.653833,
3.400000,25.166667,16.547333,
5.066667,25.266667,17.277000,
5.700000,25.633333,17.939833,
6.866667,25.933333,18.627667,
7.533333,26.200000,19.191500,
8.866667,26.333333,19.683167,
8.933333,26.466667,20.054833,
10.100000,26.366667,20.455000,
11.300000,26.500000,20.869667,
11.833333,26.666667,21.170000,
12.033333,26.866667,21.453833,
12.833333,26.933333,21.638000,
13.400000,26.833333,21.940500,
13.966667,26.833333,22.106167,
14.100000,27.000000,22.294000,
14.633333,27.166667,22.477167,
15.166667,27.200000,22.642000,
15.400000,27.233333,22.822833,
15.633333,27.266667,22.950333,
16.133333,27.200000,23.094333,
16.433333,27.233333,23.195333,
16.766667,27.166667,23.328667,
17.100000,27.366667,23.468000,
17.166667,27.433333,23.563167,
17.433333,27.700000,23.696333,
17.400000,27.566667,23.798333,
17.700000,27.633333,23.883000,
17.733333,27.566667,23.947500,
18.200000,27.533333,24.026333,
18.500000,27.533333,24.100167,
18.466667,27.533333,24.169833,
18.966667,27.600000,24.257667,
19.266667,27.766667,24.331333,
19.133333,27.733333,24.376667,
19.200000,27.733333,24.421167,
18.966667,27.733333,24.498833,
19.533333,27.800000,24.576167,
19.833333,27.766667,24.601500,
20.200000,27.766667,24.650000,
20.000000,27.833333,24.711500,
20.066667,27.933333,24.750500,
20.400000,27.900000,24.849667,
20.566667,27.866667,24.921000,
20.500000,27.900000,24.978833,
20.900000,28.100000,25.003333,
20.633333,27.900000,25.058167,
20.833333,28.033333,25.120833,
20.933333,28.166667,25.176833,
21.000000,28.100000,25.248333,
21.000000,28.133333,25.281333,
21.166667,28.100000,25.330833,
21.300000,28.133333,25.369667,
21.433333,28.400000,25.413667,
21.466667,28.333333,25.494667,
21.833333,28.300000,25.515833,
21.800000,28.400000,25.554833,
21.966667,28.566667,25.595167,
22.100000,28.333333,25.637667,
22.033333,28.300000,25.661833,
22.033333,28.366667,25.692333,
22.033333,28.266667,25.707833,
22.000000,28.366667,25.726500,
22.166667,28.400000,25.748167,
22.133333,28.366667,25.763667,
22.133333,28.300000,25.796000,
22.233333,28.300000,25.812333,
22.100000,28.366667,25.870667,
22.233333,28.500000,25.910167,
22.666667,28.466667,25.938667,
22.633333,28.533333,25.966500,
22.666667,28.566667,25.996167,
22.900000,28.500000,26.030667,
23.033333,28.466667,26.057333,
22.966667,28.600000,26.076833,
22.933333,28.566667,26.099833,
22.933333,28.700000,26.098833,
23.133333,28.766667,26.103500,
23.133333,28.733333,26.118333,
23.300000,28.633333,26.152167,
23.133333,28.700000,26.172333,
23.333333,28.800000,26.197667,
23.366667,28.633333,26.219667,
23.466667,28.666667,26.211833,
23.333333,28.600000,26.217833,
23.500000,28.666667,26.233167,
23.533333,28.666667,26.277333,
23.633333,28.600000,26.302500,
23.500000,28.766667,26.349667,
23.166667,28.733333,26.370000,
23.400000,28.733333,26.393500,
23.533333,28.833333,26.420000,
23.500000,28.900000,26.439500,
23.700000,28.833333,26.470500,
23.766667,28.800000,26.512333,
23.833333,28.866667,26.544167,
23.900000,28.833333,26.570500,
23.933333,28.766667,26.578167,
24.000000,28.766667,26.598333,
24.100000,28.833333,26.609833,
24.100000,28.900000,26.640500,
24.066667,28.733333,26.663667,
24.266667,28.866667,26.697333,
24.166667,28.833333,26.719833,
24.233333,28.833333,26.745167,
24.100000,28.833333,26.765500,
23.833333,28.900000,26.771667,
24.133333,28.933333,26.788167,
24.166667,28.866667,26.809667,
24.333333,28.866667,26.831833,
24.433333,28.866667,26.849000,
24.433333,28.866667,26.862333,
24.300000,28.766667,26.895000,
24.233333,28.800000,26.906167,
24.433333,28.900000,26.923667,
24.500000,28.833333,26.925000,
24.566667,28.900000,26.956333,
24.566667,28.800000,26.972000,
24.400000,28.833333,26.969667,
24.433333,28.833333,26.997333,
24.633333,28.833333,27.032500,
24.233333,28.900000,27.025333,
24.366667,28.766667,27.031833,
24.533333,28.866667,27.052333,
24.433333,28.866667,27.063167,
24.600000,28.866667,27.081000,
24.533333,28.900000,27.107500,
24.666667,28.900000,27.141500,
24.833333,28.933333,27.149833,
24.733333,28.966667,27.165500,
24.766667,28.966667,27.182000,
24.800000,28.900000,27.196667,
24.733333,28.933333,27.213500,
24.866667,28.966667,27.237000,
24.766667,28.933333,27.235500,
24.866667,28.933333,27.251500,
24.866667,28.933333,27.267333,
24.966667,28.966667,27.275500,
24.866667,28.900000,27.299167,
24.933333,28.966667,27.310000,
24.700000,28.966667,27.331333,
24.833333,29.000000,27.349167,
24.966667,28.966667,27.376000,
24.966667,28.966667,27.383167,
24.800000,29.000000,27.391167,
24.933333,29.033333,27.402167,
24.600000,29.000000,27.402167,
24.600000,29.100000,27.402833,
24.600000,29.100000,27.412000,
24.733333,29.000000,27.431500,
24.766667,29.033333,27.446333,
25.200000,29.033333,27.467333,
25.066667,29.033333,27.477500,
24.933333,29.033333,27.491000,
24.766667,29.033333,27.490500,
24.733333,29.033333,27.500167,
24.700000,29.033333,27.513000,
24.700000,29.000000,27.519167,
24.833333,28.966667,27.529167,
24.800000,28.966667,27.542167,
24.633333,28.966667,27.565500,
24.700000,28.966667,27.580833,
25.100000,28.966667,27.612000,
25.266667,29.033333,27.624667,
25.266667,29.000000,27.626833,
25.033333,28.966667,27.651500,
25.233333,29.000000,27.651167,
25.333333,28.933333,27.662167,
25.600000,29.000000,27.680833,
25.433333,28.966667,27.679667,
25.466667,28.966667,27.688167,
25.400000,28.933333,27.706333,
25.466667,28.933333,27.721667,
25.466667,28.966667,27.741333,
25.333333,28.900000,27.758500,
25.733333,28.966667,27.774833,
25.833333,28.900000,27.806833,
25.933333,28.966667,27.827167,
25.766667,28.966667,27.839333,
25.933333,28.933333,27.841167,
25.633333,28.966667,27.846000,
25.600000,28.966667,27.856333,
25.700000,28.966667,27.860500,
25.600000,28.966667,27.877500,
25.466667,29.033333,27.888167,
25.600000,29.000000,27.914500,
25.666667,29.000000,27.915500,
25.633333,29.000000,27.915667,
25.833333,29.000000,27.926500,
25.600000,29.000000,27.920333,
25.766667,28.966667,27.935667,
25.700000,29.033333,27.941667,
25.900000,29.000000,27.954667,
26.033333,29.033333,27.958667,
26.100000,29.000000,27.976500,
25.933333,29.033333,27.979833,
25.933333,29.000000,27.981667,
25.900000,29.000000,27.989167,
25.900000,29.000000,28.014167,
25.833333,29.000000,28.034833,
25.766667,29.000000,28.035833,
25.700000,29.033333,28.031333,
25.866667,29.033333,28.033833,
25.866667,28.933333,28.037833,
25.800000,28.933333,28.030333,
25.900000,28.933333,28.041500,
25.966667,28.933333,28.054167,
25.966667,28.933333,28.059167,
26.000000,28.933333,28.058333,
25.966667,28.933333,28.066000,
26.033333,28.933333,28.073667,
26.200000,28.933333,28.074000,
26.133333,28.933333,28.080333,
26.066667,28.933333,28.085000,
26.033333,28.933333,28.081167,
25.966667,28.933333,28.087167,
25.866667,28.933333,28.085667,
25.966667,28.933333,28.095500,
26.033333,28.933333,28.083000,
26.033333,28.933333,28.103167,
26.133333,28.966667,28.103167,
25.866667,28.966667,28.101000,
26.100000,28.966667,28.115833,
25.833333,28.966667,28.126167,
25.733333,28.966667,28.137833,
26.033333,28.966667,28.153333,
26.366667,29.000000,28.164000,
26.400000,28.966667,28.170833,
26.266667,29.033333,28.174667,
26.233333,29.066667,28.186500,
26.366667,29.000000,28.196000,
26.200000,29.000000,28.195000,
26.100000,29.000000,28.203667,
26.166667,29.000000,28.202167,
26.266667,29.033333,28.216333,
26.233333,29.033333,28.225000,
26.333333,29.033333,28.229167,
26.166667,29.033333,28.223333,
26.166667,29.066667,28.237000,
26.266667,29.033333,28.251167,
26.433333,29.033333,28.249833,
26.500000,29.033333,28.259333,
26.633333,28.966667,28.272500,
26.766667,28.966667,28.283833,
26.633333,29.000000,28.291833,
26.633333,28.966667,28.290167,
26.600000,29.000000,28.284000,
26.633333,28.966667,28.290000,
26.600000,28.966667,28.286333,
26.433333,29.000000,28.287833,
26.433333,29.033333,28.293833,
26.466667,29.033333,28.297333,
26.433333,28.966667,28.307500,
26.566667,28.966667,28.315833,
26.633333,28.966667,28.324167,
26.566667,28.966667,28.326333,
26.433333,29.000000,28.327500,
26.566667,29.033333,28.329167,
26.100000,29.000000,28.324167,
26.366667,29.000000,28.323667,
26.266667,29.000000,28.330333,
26.766667,29.000000,28.325500,
26.866667,29.000000,28.341167,
26.766667,29.000000,28.347500,
26.600000,29.000000,28.356500,
26.466667,29.000000,28.362333,
26.966667,29.000000,28.373000,
26.766667,29.000000,28.379000,
26.633333,29.000000,28.373500,
26.466667,29.000000,28.366833,
26.666667,29.000000,28.371667,
26.966667,29.000000,28.388333,
26.900000,29.000000,28.403833,
27.000000,29.000000,28.413000,
26.800000,29.033333,28.420000,
26.466667,29.000000,28.413500,
26.666667,29.000000,28.418833,
26.600000,29.000000,28.426500,
26.700000,29.000000,28.431833,
26.633333,29.000000,28.438500,
26.800000,29.000000,28.435000,
26.633333,29.000000,28.435833,
26.800000,29.000000,28.441167,
27.033333,29.000000,28.458333,
26.766667,29.000000,28.458167,
26.600000,29.000000,28.457000,
26.700000,29.000000,28.466333,
26.833333,29.000000,28.485833,
27.033333,29.000000,28.485000,
27.033333,29.000000,28.481833,
26.933333,29.000000,28.491500,
27.133333,29.000000,28.498333,
27.066667,29.000000,28.494500,
27.066667,29.000000,28.491500,
27.100000,29.000000,28.500500,
27.066667,29.000000,28.504500,
27.133333,29.000000,28.508833,
27.033333,29.000000,28.504333,
26.800000,29.000000,28.509500,
26.666667,29.000000,28.513333,
26.600000,29.033333,28.506833,
27.000000,29.000000,28.522833,
26.833333,29.000000,28.523667,
27.033333,29.000000,28.525000,
26.900000,29.000000,28.526167,
26.766667,29.000000,28.533833,
26.733333,29.000000,28.535000,
26.900000,29.000000,28.535833,
27.033333,29.000000,28.548833,
27.033333,29.000000,28.555833,
27.333333,29.000000,28.566333,
27.466667,29.000000,28.560833,
27.400000,29.000000,28.563333,
27.066667,29.000000,28.567000,
27.200000,28.966667,28.576500,
27.166667,28.966667,28.583000,
27.133333,28.966667,28.583667,
27.333333,28.966667,28.589167,
27.366667,28.966667,28.594500,
27.366667,29.000000,28.595500,
27.333333,29.000000,28.605000,
27.066667,29.000000,28.603833,
27.066667,28.966667,28.611500,
27.200000,28.966667,28.623167,
26.933333,28.966667,28.618333,
26.800000,28.966667,28.619167,
27.033333,28.966667,28.623000,
27.066667,28.966667,28.625833,
26.933333,28.966667,28.625667,
26.900000,28.966667,28.642667,
26.900000,28.966667,28.639333,
27.033333,28.966667,28.641167,
26.733333,28.966667,28.650000,
26.400000,28.966667,28.649333,
26.866667,28.966667,28.646500,
26.733333,28.966667,28.653500,
27.066667,28.966667,28.658833,
27.133333,28.966667,28.659833,
26.966667,28.966667,28.654667,
27.133333,28.966667,28.664833,
27.400000,28.966667,28.671167,
27.233333,28.966667,28.674333,
27.333333,28.966667,28.682833,
27.200000,28.966667,28.683500,
27.466667,28.966667,28.683333,
27.400000,28.966667,28.693500,
27.266667,28.966667,28.693000,
27.533333,28.966667,28.698333,
27.466667,28.966667,28.697500,
27.466667,28.966667,28.700333,
27.233333,28.966667,28.705667,
27.533333,28.966667,28.706333,
27.466667,28.966667,28.716833,
27.500000,28.966667,28.716333,
27.333333,28.966667,28.718333,
27.566667,28.966667,28.720333,
27.533333,28.966667,28.718833,
27.266667,28.966667,28.720500,
26.900000,28.966667,28.723667,
27.133333,28.966667,28.724000,
27.100000,28.966667,28.733500,
26.966667,28.966667,28.731167,
27.400000,28.966667,28.743500,
27.533333,28.966667,28.745500,
27.500000,28.966667,28.749167,
27.733333,28.966667,28.750167,
27.666667,28.966667,28.748833,
27.500000,28.966667,28.751833,
27.633333,28.966667,28.751000,
27.566667,28.966667,28.760000,
27.833333,28.966667,28.760500,
27.666667,28.966667,28.759500,
27.533333,28.966667,28.753500,
27.566667,29.000000,28.756333,
27.600000,28.966667,28.757333,
27.600000,28.966667,28.752833,
27.600000,28.966667,28.757333,
27.666667,28.966667,28.754500,
27.866667,28.966667,28.757167,
28.033333,28.966667,28.761000,
27.766667,28.966667,28.763500,
28.033333,28.966667,28.768667,
27.833333,28.966667,28.772667,
27.833333,28.966667,28.776167,
27.833333,28.966667,28.776500,
27.766667,28.966667,28.773333,
27.766667,28.966667,28.772667,
27.733333,28.966667,28.774833,
27.900000,28.966667,28.783167,
28.066667,28.966667,28.788500,
28.066667,29.000000,28.794833,
28.033333,29.000000,28.803333,
27.900000,29.000000,28.802667,
28.033333,29.000000,28.800500,
28.000000,29.000000,28.796167,
27.733333,29.000000,28.792667,
27.800000,28.966667,28.791833,
27.866667,28.966667,28.796000,
27.766667,28.966667,28.798333,
27.600000,28.966667,28.800333,
27.866667,28.966667,28.802500,
27.833333,28.966667,28.797833,
27.400000,28.966667,28.795000,
27.566667,28.966667,28.792500,
27.566667,28.966667,28.792500,
27.600000,28.966667,28.798667,
27.466667,28.966667,28.796167,
27.800000,28.966667,28.802000,
27.633333,28.966667,28.809500,
27.600000,28.966667,28.807167,
27.833333,28.966667,28.807500,
27.800000,28.966667,28.812833,
27.633333,28.966667,28.814167,
27.666667,28.966667,28.814167,
27.533333,28.966667,28.819000,
27.100000,28.966667,28.820667,
27.500000,28.966667,28.829500,
27.400000,28.966667,28.832500,
26.966667,28.966667,28.829333,
26.966667,28.966667,28.828667,
27.633333,28.966667,28.833000,
27.233333,28.966667,28.837167,
27.666667,28.966667,28.839000,
27.533333,28.966667,28.845833,
27.366667,28.966667,28.846667,
27.500000,28.966667,28.849000,
27.200000,28.966667,28.841833,
27.766667,28.966667,28.847667,
27.966667,28.966667,28.847167,
28.033333,28.966667,28.851833,
28.133333,28.966667,28.852333,
28.000000,28.966667,28.851000,
28.233333,28.966667,28.853667,
28.166667,28.966667,28.855167,
28.066667,28.966667,28.857000,
28.100000,28.966667,28.858833,
28.166667,28.966667,28.864000,
28.166667,28.966667,28.866000,
27.800000,28.966667,28.862833,
27.633333,28.966667,28.861500,
27.600000,28.966667,28.861500,
27.366667,28.966667,28.857000,
27.633333,29.000000,28.854000,
27.566667,29.000000,28.853667,
27.466667,29.000000,28.853000,
27.666667,29.000000,28.856500,
27.733333,29.000000,28.858667,
27.633333,29.000000,28.862833,
27.266667,29.000000,28.856500,
27.200000,29.000000,28.854667,
27.500000,29.000000,28.856833,
27.766667,29.000000,28.864833,
27.766667,29.000000,28.863000,
27.766667,29.000000,28.867000,
27.833333,29.000000,28.873500,
27.966667,29.000000,28.873167,
27.766667,29.000000,28.871167,
27.733333,29.000000,28.870667,
27.633333,29.000000,28.871833,
27.900000,29.000000,28.873167,
27.633333,29.000000,28.874167,
27.733333,29.000000,28.879833,
27.666667,29.000000,28.876500,
27.466667,29.000000,28.880167,
27.466667,29.000000,28.878667,
27.466667,29.000000,28.879667,
27.700000,29.033333,28.882000,
27.700000,29.033333,28.883667,
27.700000,29.033333,28.886667,
27.833333,29.033333,28.887167,
28.000000,29.000000,28.893500,
28.033333,29.000000,28.892000,
27.700000,29.000000,28.890000,
28.100000,29.000000,28.891167,
28.033333,29.000000,28.889833,
28.000000,29.000000,28.890667,
28.033333,29.000000,28.889000,
28.133333,29.000000,28.892000,
28.133333,29.000000,28.890333,
27.900000,29.000000,28.891500,
27.900000,29.000000,28.886833,
28.133333,29.000000,28.891000,
27.900000,29.000000,28.888500,
27.633333,29.000000,28.892667,
27.533333,29.000000,28.898000,
27.733333,29.000000,28.902667,
27.866667,29.000000,28.903333,
27.800000,29.000000,28.909000,
27.900000,29.000000,28.911833,
27.900000,29.000000,28.911500,
27.633333,29.000000,28.905500,
27.700000,29.000000,28.907667,
27.600000,29.033333,28.909333,
27.800000,29.033333,28.913167,
27.633333,29.033333,28.909000,
27.666667,29.033333,28.910333,
