0	64.309670	342.675587	189.824925	
1	75.618754	344.184682	201.631335	
2	79.664140	346.997558	213.241161	
3	90.762425	353.919727	224.343697	
4	101.454063	358.926403	233.218695	
5	106.444768	372.525140	244.808980	
6	114.765670	384.433884	255.458787	
7	126.563331	387.771634	263.611487	
8	131.454884	394.054000	271.511482	
9	133.954426	405.212566	280.537401	
10	147.529859	411.120538	288.575715	
11	162.199622	416.754367	296.358658	
12	166.064461	418.989899	304.078749	
13	173.300962	424.476533	309.860441	
14	179.109842	429.644206	315.877786	
15	184.463508	431.412110	321.805553	
16	186.526578	433.895178	327.600263	
17	194.914172	440.427307	333.551149	
18	202.947505	446.989595	339.236574	
19	213.118844	451.096190	344.727021	
20	220.373931	456.576942	350.736936	
21	231.838923	459.035182	356.033859	
22	238.823449	464.577877	360.565625	
23	237.405447	468.726629	364.881625	
24	244.040307	476.255885	369.852473	
25	251.172615	476.085064	373.458328	
26	252.225124	482.274302	378.028991	
27	254.259418	488.259634	381.646624	
28	256.487343	489.039667	385.183948	
29	267.841056	488.051999	388.766662	
30	273.434580	491.641195	391.870074	
31	274.445613	491.608326	396.360241	
32	280.339838	491.739149	400.238411	
33	289.370552	494.331011	403.953386	
34	291.768528	496.480698	406.485248	
35	292.291167	497.310961	410.388168	
36	294.144024	500.124460	414.087885	
37	302.220256	504.623015	417.813557	
38	308.550342	506.106230	421.164045	
39	308.338351	513.620020	424.310763	
40	310.402518	516.707058	427.404221	
41	315.181783	518.261472	429.086243	
42	317.642016	519.400881	432.174285	
43	323.140833	522.943579	435.388502	
44	324.092947	520.761359	438.384903	
45	326.371569	524.145203	441.819800	
46	331.330710	528.195871	444.166940	
47	330.727571	529.244859	446.480012	
48	336.065438	529.954725	449.092066	
49	342.433674	531.636105	451.322417	
50	349.309218	532.098053	452.992907	
51	351.949031	534.559534	455.477577	
52	354.077448	535.605043	457.328945	
53	354.029284	537.004465	459.443310	
54	358.481882	537.118250	461.400714	
55	366.982324	539.258179	463.673619	
56	369.498842	541.074731	466.141864	
57	373.182935	542.989853	467.894478	
58	376.305067	544.887080	471.095360	
59	379.048621	545.686432	472.520619	
60	379.621408	547.777950	474.492758	
61	378.048106	547.733351	476.594117	
62	381.005830	549.531434	478.461626	
63	380.485359	549.574960	479.896125	
64	384.591691	551.805895	481.603596	
65	386.268201	553.212115	482.896516	
66	390.319882	557.028141	484.868494	
67	392.100780	556.709922	487.432396	
68	397.710719	560.323568	489.275466	
69	398.471932	563.189284	490.654014	
70	403.882225	562.548688	492.487996	
71	404.856897	562.016396	493.582259	
72	409.628025	565.306263	494.592392	
73	413.589227	564.449475	495.757686	
74	415.766445	563.733176	497.576480	
75	420.461165	564.754390	498.686923	
76	419.733080	564.654325	499.909651	
77	419.102113	566.601001	501.138925	
78	418.339356	568.102154	502.325276	
79	422.009997	567.248814	503.268409	
80	419.485962	569.294398	504.751436	
81	417.252001	571.184656	505.883486	
82	421.782582	571.636077	507.834345	
83	421.180820	572.171434	508.894100	
84	424.486980	572.342918	509.780235	
85	423.342085	574.784502	510.849732	
86	427.290102	574.303686	512.657627	
87	431.800174	574.575390	513.901729	
88	436.063811	576.194173	514.729940	
89	435.943461	576.731017	515.463439	
90	437.563269	576.864819	516.666920	
91	442.016364	577.983196	517.550849	
92	441.218829	579.478802	519.169185	
93	444.465926	579.482471	520.078150	
94	447.912322	580.509740	521.405773	
95	447.669340	580.555292	521.799745	
96	452.803937	578.566957	522.728629	
97	449.464563	580.123281	523.087845	
98	449.085300	580.812529	523.743063	
99	452.081963	583.076255	524.791804	
100	453.224042	583.581676	525.613757	
101	453.647752	584.198999	526.902096	
102	455.701752	584.883334	527.961879	
103	453.283773	586.296748	528.769472	
104	453.908649	586.469566	529.204631	
105	453.791071	587.732900	530.030082	
106	452.754505	587.281683	530.971246	
107	454.673442	587.056355	531.504652	
108	457.322766	588.983937	532.601242	
109	458.653762	587.805180	533.706123	
110	462.453959	590.386774	534.922705	
111	462.788940	592.218146	535.749495	
112	464.174099	594.904560	536.639724	
113	466.589531	594.155308	537.422947	
114	468.014592	595.462117	538.722192	
115	473.020252	596.161956	539.275663	
116	473.843550	596.548948	540.027697	
117	471.278190	598.303447	541.467168	
118	471.062435	596.098490	542.284602	
119	470.273684	597.357229	543.083714	
120	474.478253	594.083199	543.790631	
121	476.074274	597.641138	544.749282	
122	477.248931	598.400066	545.627901	
123	476.800313	599.215144	547.094331	
124	479.358890	598.753592	548.018946	
125	481.320435	598.981396	549.022784	
126	482.840002	600.158807	549.586681	
127	482.998232	600.583090	550.148115	
128	482.797271	599.093296	551.378412	
129	484.663477	599.961338	552.565914	
130	484.907979	600.938032	553.591730	
131	486.831767	600.086628	554.362598	
132	485.089850	601.323270	555.017858	
133	486.191640	599.528375	555.660837	
134	488.499777	600.747421	556.416776	
135	490.369247	603.674765	557.074655	
136	494.535222	602.457868	557.791415	
137	493.530823	601.293774	558.182415	
138	496.535164	601.291582	558.368856	
139	494.966644	604.941971	558.730364	
140	495.325214	601.959348	559.591208	
141	497.767438	602.874340	560.210601	
142	499.907744	603.102966	561.062680	
143	500.391228	604.012963	561.540327	
144	500.534823	604.309767	561.904734	
145	500.470708	606.062706	562.564201	
146	502.690674	605.997911	563.002604	
147	500.928642	606.530907	563.459390	
148	502.783889	606.542674	564.503329	
149	504.626370	606.848096	564.568587	
150	505.791313	606.940395	565.662785	
151	505.011226	607.712108	565.700561	
152	507.149426	607.917218	566.174314	
153	509.279233	608.422153	566.906943	
154	511.427961	609.507689	567.572408	
155	511.795776	608.771724	568.439860	
156	512.398841	609.137021	569.512680	
157	514.214553	610.048362	570.136490	
158	512.119845	610.717627	570.782657	
159	514.413008	612.830027	570.819909	
160	514.005184	610.986849	570.838017	
161	515.710776	610.648452	571.154938	
162	515.736349	610.715396	571.663711	
163	514.507458	614.058572	572.248310	
164	516.976551	611.964516	572.709349	
165	516.386093	613.411853	573.690558	
166	518.788132	612.905696	574.182577	
167	518.730584	612.968515	574.487372	
168	519.811980	612.292926	575.316950	
169	518.545179	612.903806	575.523149	
170	517.947505	612.300322	575.897783	
171	517.262180	612.341954	576.357887	
172	520.554144	613.592380	577.129194	
173	521.776972	612.772964	577.640251	
174	524.252077	614.440298	577.673078	
175	525.198360	614.546077	578.068466	
176	524.864904	614.791502	578.180636	
177	526.597966	614.258975	578.609744	
178	525.361301	615.383276	579.335311	
179	526.572551	614.372449	579.427750	
180	526.066427	613.512196	579.745882	
181	524.329548	615.153295	580.302470	
182	523.899594	614.683818	580.438676	
183	524.646017	616.895206	580.802876	
184	528.570612	617.255834	581.527383	
185	528.522556	616.027738	581.817514	
186	530.109952	617.084488	582.241720	
187	530.140648	618.300533	582.287265	
188	530.636198	617.835442	582.932084	
189	532.748419	617.964818	583.590715	
190	534.080463	616.721141	583.690888	
191	534.220921	616.286932	583.774206	
192	535.842608	617.693754	584.438649	
193	535.700806	617.601959	584.635580	
194	535.905411	617.793661	584.757120	
195	534.050888	618.952466	585.198866	
196	535.326934	620.118575	585.584603	
197	538.208050	619.148966	585.640901	
198	538.846620	618.948246	586.312643	
199	539.684606	619.138991	586.474619	
200	542.360162	618.849748	586.942416	
201	541.809791	619.462692	587.062758	
202	542.719955	619.548612	587.340083	
203	544.307672	619.045706	587.913168	
204	542.426412	620.220561	588.239378	
205	544.299062	620.158613	588.927145	
206	545.002987	620.145415	588.787606	
207	544.715837	620.056062	589.202710	
208	546.103238	620.772052	589.551229	
209	543.109296	621.704321	589.536974	
210	544.841524	620.873159	590.283028	
211	546.754812	622.234994	590.693926	
212	546.423676	621.355781	590.864850	
213	549.698234	622.514771	591.355024	
214	549.837279	621.670499	591.617193	
215	549.655264	621.677223	591.804473	
216	550.663129	621.089536	592.049195	
217	551.665761	621.177568	592.158490	
218	551.392859	621.983980	592.612460	
219	551.704737	621.747056	592.858986	
220	552.633726	622.718031	593.281730	
221	550.930723	624.472455	593.279843	
222	551.648190	623.323528	592.971198	
223	551.532565	624.607570	593.604888	
224	551.735715	623.032417	594.009950	
225	552.793252	623.765464	594.061549	
226	551.297808	623.830907	594.218626	
227	552.733895	622.968432	594.398003	
228	552.292822	622.547854	594.510098	
229	551.798882	623.591443	594.684525	
230	551.257166	624.077549	595.247186	
231	550.344915	623.764574	595.466728	
232	550.394536	623.568222	595.884981	
233	553.794195	623.260992	595.952477	
234	553.629999	624.432767	596.101700	
235	555.729093	623.765758	596.296161	
236	555.998070	623.161307	596.423984	
237	556.994589	622.068114	596.325591	
238	557.122675	621.637374	596.416052	
239	558.501049	623.140235	596.999049	
240	559.828907	623.694427	596.997022	
241	561.182857	623.217284	597.498111	
242	559.232202	623.742511	597.353794	
243	560.880415	624.019549	597.585995	
244	559.907051	625.345475	597.956397	
245	559.723847	624.559319	598.071019	
246	561.207975	624.623945	598.232669	
247	561.997080	624.096468	598.390909	
248	562.311043	624.284351	598.626729	
249	560.894923	624.494203	598.722080	
250	563.150807	624.048924	598.986989	
251	562.783947	625.586971	599.413218	
252	562.936220	624.695451	599.373162	
253	563.770479	625.629972	599.681549	
254	562.775023	624.954819	600.104459	
255	564.669185	624.988035	600.297840	
256	565.235547	624.823340	600.149315	
257	566.277920	624.281767	600.272842	
258	565.412194	624.840875	600.626090	
259	565.408973	625.322064	600.685600	
260	566.622333	625.263303	600.918028	
261	567.147582	625.484849	601.068387	
262	567.884987	625.164871	601.240630	
263	567.968309	626.057942	601.389212	
264	568.162966	625.346353	601.607390	
265	568.471537	625.524316	601.885039	
266	571.683379	626.754471	602.164343	
267	570.213637	626.787078	602.480272	
268	571.464285	627.678544	602.884072	
269	572.895023	627.821296	602.767235	
270	571.783655	627.755154	602.743349	
271	572.743478	627.183958	602.838398	
272	573.162784	627.273327	603.055127	
273	573.338946	627.491111	603.333200	
274	572.997759	626.786320	603.465763	
275	573.828711	627.879587	603.642447	
276	573.455945	627.646485	603.658229	
277	573.383107	627.917661	603.885331	
278	574.191834	628.012521	604.017954	
279	574.813859	627.681994	604.232132	
280	575.156182	627.727792	604.348478	
281	573.078201	627.647037	604.702167	
282	574.199693	628.100199	604.790429	
283	572.929608	628.172192	604.854354	
284	573.823606	628.317518	604.896121	
285	574.686200	627.281000	605.050064	
286	573.570819	627.501437	605.201876	
287	574.165259	627.591418	605.383230	
288	570.809851	627.885600	605.359019	
289	573.102992	627.718619	605.632058	
290	576.127827	628.277275	605.786758	
291	576.425537	627.804200	605.863086	
292	576.279779	626.714593	606.016287	
293	576.285218	627.948704	606.033053	
294	577.475180	626.940496	606.107232	
295	576.372814	627.714017	606.029985	
296	575.403064	627.795856	606.220795	
297	575.574413	628.203005	606.394377	
298	574.990084	628.335735	606.497469	
299	576.086106	628.602211	606.534488	
300	576.493997	629.011674	606.582450	
301	579.082213	628.152931	606.692846	
302	577.406506	628.671651	606.948605	
303	578.666434	628.892623	607.054583	
304	578.774601	629.877749	607.354913	
305	578.796228	628.139301	607.309635	
306	580.033691	628.433031	607.532436	
307	580.499447	629.038013	607.441592	
308	579.894194	628.953084	607.451623	
309	580.829561	629.775094	607.598014	
310	579.937023	629.163816	607.551081	
311	580.129388	628.950807	607.664860	
312	580.397415	628.939616	607.556774	
313	580.407224	629.284567	607.588567	
314	578.986927	629.145074	607.845685	
315	579.240205	629.113765	607.804365	
316	580.538346	629.673227	607.758719	
317	580.230002	629.501698	607.801326	
318	580.078933	628.216176	607.966988	
319	579.944871	629.329593	608.221672	
320	579.685229	628.619348	608.240312	
321	580.896787	629.677761	608.314226	
322	580.006846	629.165831	608.307179	
323	581.028598	629.614412	608.319351	
324	581.303439	628.975182	608.469094	
325	580.550236	629.649469	608.700543	
326	581.639811	629.250377	608.800586	
327	580.577856	629.606884	609.146219	
328	581.623883	629.440343	609.140041	
329	581.437120	629.553536	609.275062	
330	582.909070	629.277075	609.415997	
331	582.406644	629.676423	609.352315	
332	582.562898	629.564417	609.448488	
333	583.953388	628.607318	609.433934	
334	583.490817	629.212058	609.425752	
335	585.830223	629.726468	609.478683	
336	584.019535	628.908337	609.778761	
337	585.546370	629.242005	609.908389	
338	584.797014	630.182872	610.211974	
339	584.029643	630.544058	610.066385	
340	584.603388	629.084067	610.223909	
341	584.548297	629.223241	610.158096	
342	583.392013	629.287595	610.143483	
343	583.828524	628.884385	609.970805	
344	585.073457	629.932687	609.994368	
345	582.712080	629.087290	609.995514	
346	584.661856	628.700601	610.088923	
347	585.873568	629.839200	610.248150	
348	587.248242	629.415560	610.334026	
349	585.953635	630.006924	610.472512	
350	585.637103	629.543824	610.652518	
351	585.764950	630.070094	610.646878	
352	587.509631	629.962476	610.551544	
353	587.698803	629.368530	610.668780	
354	587.682156	629.878193	610.763788	
355	589.078556	630.032202	610.894550	
356	587.527965	629.856332	610.866625	
357	587.355744	629.945244	610.872384	
358	587.135251	630.308850	610.973923	
359	586.723385	629.843840	611.069594	
360	587.052117	630.098872	611.047775	
361	588.023534	629.156579	611.139790	
362	588.266465	629.776569	611.121898	
363	586.774206	630.213387	611.307957	
364	587.660968	630.064696	611.614433	
365	588.147195	629.499579	611.764493	
366	587.298742	629.991372	612.060376	
367	587.363870	630.495759	612.169710	
368	589.123271	630.134159	612.290724	
369	589.401790	630.239690	612.096581	
370	588.352148	630.149469	612.116569	
371	589.110733	630.814825	612.337664	
372	589.616442	629.742263	612.319402	
373	589.693963	630.846475	612.112515	
374	589.994576	630.264084	612.166890	
375	588.253912	630.441185	612.131704	
376	588.051943	630.193069	612.294100	
377	588.794763	630.177092	612.286805	
378	589.517371	631.137454	612.370867	
379	589.008657	631.036409	612.466852	
380	589.100707	630.430730	612.449736	
381	589.435051	630.250540	612.562199	
382	589.516703	630.873131	612.465068	
383	589.748249	630.524507	612.646750	
384	588.796018	630.902512	612.768547	
385	589.139303	630.611711	612.601232	
386	589.146895	630.080045	612.869352	
387	588.812022	630.419001	612.768605	
388	589.915744	630.428564	612.790035	
389	590.725519	630.635786	612.943587	
390	590.554960	631.546165	613.036000	
391	590.103799	631.805184	613.236715	
392	589.297426	630.590223	613.214678	
393	590.467910	630.868887	613.279265	
394	590.552747	631.497469	613.507705	
395	590.938328	631.575334	613.428306	
396	591.535839	631.433433	613.327716	
397	592.106608	631.381774	613.383144	
398	591.252475	631.326294	613.624856	
399	592.503959	631.595440	613.611837	
400	592.580735	631.641039	613.853713	
401	591.769189	631.901091	613.750625	
402	592.199179	630.701300	613.710352	
403	591.721162	631.144560	613.882275	
404	591.343818	631.492278	613.726676	
405	591.565271	630.884445	613.709261	
406	591.673630	630.946667	613.626721	
407	591.610548	630.640480	613.699044	
408	589.296821	630.925692	613.768028	
409	590.295084	630.703575	613.775596	
410	592.386784	631.653410	613.957118	
411	592.448924	630.956109	613.940715	
412	592.132061	631.642375	613.789381	
413	591.456883	631.684052	613.891808	
414	591.339942	630.481415	613.633850	
415	590.867711	631.159820	613.809621	
416	591.209659	631.186154	613.908035	
417	591.805914	631.016346	613.792020	
418	591.372060	631.832044	613.805732	
419	591.620685	631.031836	613.605068	
420	592.165975	631.411076	613.709453	
421	592.927071	631.188661	613.965343	
422	592.455218	631.403369	613.927745	
423	591.732337	630.840296	613.899718	
424	592.909898	630.969619	614.036488	
425	593.718847	631.361294	614.180709	
426	593.113516	631.025863	614.220813	
427	592.895406	631.691351	614.262645	
428	593.714241	631.256449	614.308900	
429	593.134011	630.696001	614.356937	
430	594.231210	631.467119	614.434706	
431	592.690250	630.894772	614.342376	
432	593.414314	631.091706	614.573341	
433	593.370037	631.330173	614.628089	
434	593.050234	630.620923	614.562964	
435	593.217105	631.387295	614.551039	
436	593.444307	631.757269	614.602127	
437	593.698965	630.730117	614.521231	
438	594.472214	630.977002	614.745675	
439	593.942862	631.134090	614.671655	
440	594.216736	631.622274	614.775468	
441	594.145127	631.580871	614.822489	
442	593.925837	631.912808	614.917877	
443	594.723665	630.924103	615.016353	
444	594.520635	631.660347	615.157551	
445	594.858415	631.412647	615.118693	
446	593.714409	631.241143	614.981069	
447	594.286450	631.634483	615.057162	
448	593.658426	630.577116	615.078219	
449	593.734021	631.226320	615.125521	
450	593.732418	631.254621	615.169117	
451	593.784365	630.974967	615.064418	
452	593.614063	631.081863	615.292152	
453	594.485881	631.265457	615.459389	
454	594.188741	631.405158	615.487058	
455	594.466344	632.043902	615.598048	
456	595.559087	631.017886	615.569848	
457	595.103276	631.367779	615.691970	
458	595.505629	631.550862	615.778302	
459	595.080418	631.347136	615.499791	
460	595.155670	631.941822	615.751209	
461	595.930013	631.502215	615.738232	
462	595.259041	631.644306	615.690754	
463	594.968925	630.865066	615.739013	
464	596.450400	631.560972	615.872735	
465	596.129564	631.113421	615.936891	
466	596.167045	631.044875	615.963638	
467	596.301236	631.479727	616.083526	
468	597.458866	631.040143	616.098007	
469	598.230769	631.190483	616.064080	
470	597.447490	631.175611	616.143190	
471	598.338819	632.539249	616.166867	
472	599.399284	632.075379	616.377659	
473	598.274259	631.294048	616.116005	
474	597.396081	631.348267	616.141465	
475	597.724711	631.353065	616.239381	
476	599.261088	631.431374	616.367801	
477	599.525247	631.966270	616.405700	
478	597.716396	631.797773	616.285305	
479	598.238983	631.288156	616.255528	
480	599.766045	632.450584	616.263561	
481	599.551449	631.024783	616.311408	
482	599.250582	630.971461	616.386140	
483	598.845573	631.172862	616.282834	
484	600.027742	631.682199	616.570395	
485	599.781768	630.950852	616.602954	
486	599.847790	631.515701	616.480837	
487	598.424842	631.747349	616.468997	
488	600.536683	631.317641	616.479013	
489	599.815586	632.049319	616.587043	
490	601.130415	631.817382	616.607833	
491	599.708518	631.424181	616.403038	
492	599.619261	632.347377	616.547618	
493	600.518898	631.532980	616.505930	
494	600.712869	631.000667	616.548721	
495	600.957243	631.988780	616.484994	
496	600.297753	632.583200	616.555736	
497	600.110399	632.046742	616.526529	
498	600.158549	632.185588	616.595756	
499	600.358504	631.897686	616.456451	
