0	-6.900000	20.966667	9.401667	
1	-1.000000	21.700000	11.746333	
2	0.900000	22.400000	13.436167	
3	2.266667	23.133333	14.823000	
4	3.933333	23.433333	15.907167	
5	5.233333	23.766667	16.828833	
6	7.166667	24.033333	17.526333	
7	8.600000	24.233333	18.143833	
8	9.333333	24.400000	18.659667	
9	9.133333	24.566667	19.102667	
10	10.066667	24.866667	19.490833	
11	11.466667	24.833333	19.865167	
12	12.233333	24.966667	20.163833	
13	11.766667	25.266667	20.447333	
14	12.233333	25.266667	20.723833	
15	12.800000	25.400000	20.960000	
16	13.666667	25.566667	21.230000	
17	13.733333	25.566667	21.424500	
18	14.366667	25.666667	21.622833	
19	14.566667	25.700000	21.795500	
20	15.400000	25.900000	22.014167	
21	15.866667	25.900000	22.163333	
22	16.333333	25.966667	22.343833	
23	16.900000	26.066667	22.522667	
24	17.133333	26.100000	22.684000	
25	17.500000	26.233333	22.759833	
26	18.000000	26.200000	22.889167	
27	18.166667	26.266667	23.000333	
28	18.333333	26.466667	23.094333	
29	18.400000	26.466667	23.171333	
30	18.366667	26.466667	23.278333	
31	18.433333	26.466667	23.391833	
32	18.566667	26.433333	23.478000	
33	19.000000	26.500000	23.546833	
34	19.266667	26.666667	23.650333	
35	19.533333	26.600000	23.710833	
36	19.566667	26.666667	23.809833	
37	19.633333	26.766667	23.912333	
38	19.933333	26.800000	23.989833	
39	19.866667	26.800000	24.083667	
40	19.966667	27.000000	24.123333	
41	20.066667	26.933333	24.198833	
42	20.100000	26.966667	24.227333	
43	20.100000	27.000000	24.328000	
44	20.366667	27.066667	24.389833	
45	20.366667	27.000000	24.428500	
46	20.700000	27.000000	24.501000	
47	20.633333	27.066667	24.554167	
48	20.700000	27.000000	24.596333	
49	20.866667	26.966667	24.648667	
50	21.100000	27.033333	24.695667	
51	21.266667	27.133333	24.785333	
52	21.233333	27.133333	24.845500	
53	21.566667	27.100000	24.886833	
54	21.633333	27.200000	24.934833	
55	21.833333	27.166667	24.968833	
56	21.933333	27.200000	25.026833	
57	21.933333	27.333333	25.075333	
58	21.866667	27.333333	25.118167	
59	21.966667	27.333333	25.193667	
60	22.133333	27.300000	25.221167	
61	22.033333	27.333333	25.269500	
62	22.100000	27.400000	25.308333	
63	22.100000	27.266667	25.338500	
64	22.100000	27.333333	25.364500	
65	22.033333	27.433333	25.406167	
66	22.100000	27.333333	25.451500	
67	22.233333	27.366667	25.470167	
68	22.266667	27.300000	25.505333	
69	22.466667	27.266667	25.547000	
70	22.566667	27.400000	25.583333	
71	22.700000	27.466667	25.638333	
72	22.866667	27.433333	25.655667	
73	22.933333	27.500000	25.670500	
74	22.966667	27.500000	25.705667	
75	23.033333	27.566667	25.742167	
76	23.133333	27.533333	25.789500	
77	23.133333	27.466667	25.816833	
78	23.133333	27.500000	25.844000	
79	23.066667	27.533333	25.872167	
80	23.200000	27.466667	25.915333	
81	23.100000	27.600000	25.923833	
82	23.233333	27.600000	25.964333	
83	23.333333	27.600000	25.999833	
84	23.300000	27.633333	26.029000	
85	23.500000	27.600000	26.057500	
86	23.433333	27.666667	26.059333	
87	23.700000	27.633333	26.080167	
88	23.733333	27.700000	26.111000	
89	23.533333	27.666667	26.113000	
90	23.633333	27.700000	26.142667	
91	23.633333	27.700000	26.157167	
92	23.600000	27.666667	26.170500	
93	23.733333	27.633333	26.200333	
94	23.733333	27.666667	26.222833	
95	23.833333	27.766667	26.248833	
96	23.833333	27.666667	26.290500	
97	24.066667	27.633333	26.320833	
98	24.000000	27.633333	26.318167	
99	23.933333	27.633333	26.333333	
100	24.000000	27.700000	26.371167	
101	24.266667	27.700000	26.394667	
102	24.200000	27.700000	26.417333	
103	24.400000	27.700000	26.434833	
104	24.466667	27.766667	26.446167	
105	24.433333	27.766667	26.463167	
106	24.233333	27.800000	26.494500	
107	24.533333	27.800000	26.519667	
108	24.233333	27.800000	26.530500	
109	24.266667	27.800000	26.557833	
110	24.200000	27.833333	26.574500	
111	24.500000	27.866667	26.581333	
112	24.633333	27.766667	26.585167	
113	24.766667	27.666667	26.605167	
114	24.666667	27.766667	26.615333	
115	24.600000	27.700000	26.649000	
116	24.466667	27.733333	26.656167	
117	24.566667	27.733333	26.680667	
118	24.633333	27.733333	26.693500	
119	24.666667	27.766667	26.712000	
120	24.666667	27.800000	26.723667	
121	24.366667	27.833333	26.723000	
122	24.500000	27.833333	26.725333	
123	24.633333	27.833333	26.732000	
124	24.666667	27.866667	26.747000	
125	24.833333	27.833333	26.742667	
126	24.633333	27.833333	26.769167	
127	24.766667	27.833333	26.792500	
128	25.100000	27.833333	26.835500	
129	25.066667	27.833333	26.837500	
130	24.900000	27.833333	26.855000	
131	24.966667	27.800000	26.875500	
132	25.033333	27.800000	26.885500	
133	25.200000	27.800000	26.901167	
134	25.333333	27.800000	26.901667	
135	25.033333	27.833333	26.892000	
136	25.066667	27.800000	26.909000	
137	25.133333	27.866667	26.911667	
138	25.133333	27.833333	26.919167	
139	24.933333	27.833333	26.917500	
140	24.900000	27.833333	26.924000	
141	25.000000	27.833333	26.939833	
142	25.066667	27.833333	26.957333	
143	25.133333	27.833333	26.974667	
144	25.300000	27.833333	26.997333	
145	25.133333	27.866667	27.010167	
146	25.366667	27.866667	27.016667	
147	25.500000	27.866667	27.026167	
148	25.466667	27.866667	27.045167	
149	25.366667	27.866667	27.057500	
150	25.533333	27.800000	27.081500	
151	25.766667	27.800000	27.099333	
152	25.733333	27.833333	27.104167	
153	25.566667	27.833333	27.110833	
154	25.666667	27.833333	27.124833	
155	25.633333	27.833333	27.142000	
156	25.733333	27.866667	27.171333	
157	25.766667	27.866667	27.175667	
158	25.800000	27.866667	27.195500	
159	25.833333	27.866667	27.203667	
160	25.766667	27.833333	27.209667	
161	25.766667	27.833333	27.210667	
162	25.966667	27.800000	27.216500	
163	25.933333	27.800000	27.224833	
164	25.933333	27.800000	27.230000	
165	25.933333	27.800000	27.232667	
166	25.600000	27.800000	27.239500	
167	25.800000	27.766667	27.255167	
168	26.000000	27.866667	27.268000	
169	25.800000	27.866667	27.269500	
170	25.533333	27.833333	27.284167	
171	25.800000	27.833333	27.294167	
172	25.533333	27.800000	27.298500	
173	25.533333	27.766667	27.301167	
174	25.766667	27.766667	27.319500	
175	25.766667	27.833333	27.319500	
176	25.966667	27.800000	27.331500	
177	25.800000	27.800000	27.341667	
178	25.900000	27.800000	27.342667	
179	25.833333	27.800000	27.352000	
180	26.066667	27.833333	27.362500	
181	25.833333	27.833333	27.376667	
182	26.166667	27.866667	27.389667	
183	26.133333	27.866667	27.388833	
184	26.033333	27.833333	27.393833	
185	25.966667	27.866667	27.389333	
186	26.166667	27.866667	27.399000	
187	26.033333	27.833333	27.395167	
188	26.033333	27.866667	27.406000	
189	26.200000	27.866667	27.413500	
190	26.200000	27.866667	27.417000	
191	26.466667	27.866667	27.423167	
192	26.133333	27.866667	27.433167	
193	26.066667	27.900000	27.437333	
194	26.033333	27.866667	27.438000	
195	25.966667	27.866667	27.441500	
196	26.066667	27.866667	27.433667	
197	26.166667	27.866667	27.436333	
198	26.100000	27.866667	27.451000	
199	26.033333	27.833333	27.458667	
200	26.166667	27.833333	27.468500	
201	26.000000	27.833333	27.466000	
202	26.200000	27.833333	27.469000	
203	25.866667	27.866667	27.477333	
204	25.833333	27.866667	27.468167	
205	25.833333	27.833333	27.476333	
206	25.933333	27.833333	27.485667	
207	25.900000	27.866667	27.488167	
208	25.666667	27.866667	27.495833	
209	25.700000	27.866667	27.488500	
210	25.900000	27.833333	27.495500	
211	25.500000	27.833333	27.499333	
212	25.533333	27.866667	27.504500	
213	25.900000	27.833333	27.518167	
214	26.066667	27.866667	27.529333	
215	25.866667	27.866667	27.526500	
216	25.900000	27.833333	27.532333	
217	25.766667	27.833333	27.535833	
218	26.233333	27.833333	27.547333	
219	26.100000	27.833333	27.546500	
220	26.066667	27.833333	27.540667	
221	26.033333	27.800000	27.546833	
222	26.000000	27.800000	27.549667	
223	25.833333	27.800000	27.550333	
224	25.900000	27.833333	27.543833	
225	25.933333	27.833333	27.561000	
226	25.966667	27.833333	27.571833	
227	26.100000	27.833333	27.579167	
228	26.366667	27.833333	27.579667	
229	26.166667	27.833333	27.580667	
230	26.000000	27.833333	27.593833	
231	26.133333	27.833333	27.598500	
232	26.266667	27.833333	27.596833	
233	26.166667	27.833333	27.610000	
234	26.233333	27.833333	27.619667	
235	26.266667	27.833333	27.624000	
236	26.433333	27.866667	27.617167	
237	26.600000	27.866667	27.620500	
238	26.533333	27.866667	27.627333	
239	26.833333	27.866667	27.638000	
240	26.833333	27.900000	27.647333	
241	26.666667	27.866667	27.650500	
242	26.533333	27.866667	27.648667	
243	26.433333	27.866667	27.648667	
244	26.300000	27.866667	27.652000	
245	26.466667	27.866667	27.655667	
246	26.433333	27.866667	27.660833	
247	26.466667	27.866667	27.662667	
248	26.500000	27.866667	27.673667	
249	26.666667	27.866667	27.676667	
250	26.566667	27.866667	27.675167	
251	26.433333	27.866667	27.678833	
252	26.466667	27.866667	27.685833	
253	26.533333	27.866667	27.686667	
254	26.666667	27.866667	27.690167	
255	26.333333	27.866667	27.690167	
256	26.666667	27.866667	27.692167	
257	26.600000	27.900000	27.692167	
258	26.600000	27.900000	27.696167	
259	26.633333	27.866667	27.692167	
260	26.866667	27.866667	27.694000	
261	26.866667	27.866667	27.694333	
262	26.933333	27.866667	27.692667	
263	26.666667	27.866667	27.692000	
264	26.566667	27.866667	27.694167	
265	26.633333	27.866667	27.697667	
266	26.800000	27.866667	27.695667	
267	26.700000	27.866667	27.688167	
268	26.966667	27.866667	27.690500	
269	26.800000	27.866667	27.698167	
270	26.866667	27.866667	27.700333	
271	26.933333	27.833333	27.701167	
272	26.900000	27.866667	27.702833	
273	26.833333	27.866667	27.696833	
274	26.700000	27.866667	27.703333	
275	26.700000	27.866667	27.706000	
276	26.700000	27.833333	27.713000	
277	26.466667	27.866667	27.715000	
278	26.533333	27.866667	27.716333	
279	26.966667	27.866667	27.720167	
280	26.733333	27.866667	27.721833	
281	26.666667	27.900000	27.721667	
282	26.700000	27.866667	27.720000	
283	26.866667	27.866667	27.726333	
284	26.733333	27.900000	27.728333	
285	26.733333	27.900000	27.729167	
286	26.533333	27.900000	27.732167	
287	26.300000	27.900000	27.731333	
288	26.533333	27.900000	27.736833	
289	26.533333	27.900000	27.743667	
290	26.633333	27.933333	27.741833	
291	26.500000	27.933333	27.743833	
292	26.133333	27.933333	27.743500	
293	26.400000	27.933333	27.741000	
294	26.433333	27.900000	27.737833	
295	26.433333	27.900000	27.748333	
296	26.300000	27.900000	27.748833	
297	26.666667	27.933333	27.753667	
298	26.400000	27.933333	27.752667	
299	26.133333	27.933333	27.756667	
300	26.400000	27.933333	27.758667	
301	26.500000	27.933333	27.751000	
302	26.333333	27.933333	27.757667	
303	26.500000	27.933333	27.765833	
304	26.533333	27.933333	27.772667	
305	26.266667	27.933333	27.767333	
306	26.833333	27.933333	27.770333	
307	26.900000	27.900000	27.770500	
308	26.900000	27.900000	27.778667	
309	26.866667	27.900000	27.778333	
310	26.666667	27.900000	27.773833	
311	26.466667	27.900000	27.771000	
312	26.666667	27.900000	27.771333	
313	26.833333	27.900000	27.771167	
314	26.500000	27.933333	27.770500	
315	26.500000	27.933333	27.772333	
316	26.366667	27.933333	27.773167	
317	26.166667	27.933333	27.765667	
318	26.266667	27.933333	27.763667	
319	26.633333	27.933333	27.757500	
320	26.466667	27.933333	27.762667	
321	26.366667	28.000000	27.758000	
322	26.300000	28.000000	27.750333	
323	26.166667	27.933333	27.752500	
324	26.400000	27.933333	27.751667	
325	26.366667	27.866667	27.756500	
326	26.400000	27.866667	27.764667	
327	26.233333	27.866667	27.767667	
328	26.566667	27.866667	27.768000	
329	26.566667	27.866667	27.767667	
330	26.600000	27.866667	27.775000	
331	26.566667	27.866667	27.773167	
332	26.366667	27.866667	27.772667	
333	26.700000	27.866667	27.775000	
334	26.766667	27.866667	27.773833	
335	26.533333	27.900000	27.774500	
336	26.466667	27.833333	27.774500	
337	26.700000	27.833333	27.778833	
338	26.700000	27.833333	27.780833	
339	26.633333	27.833333	27.771167	
340	26.433333	27.833333	27.772333	
341	26.600000	27.833333	27.777333	
342	26.600000	27.833333	27.778167	
343	26.700000	27.833333	27.775500	
344	26.766667	27.833333	27.770500	
345	26.433333	27.833333	27.772000	
346	26.433333	27.833333	27.773333	
347	26.700000	27.833333	27.765500	
348	26.500000	27.833333	27.772167	
349	26.300000	27.900000	27.768167	
350	26.100000	27.833333	27.765167	
351	26.500000	27.866667	27.770667	
352	26.533333	27.866667	27.768167	
353	26.433333	27.866667	27.774167	
354	26.766667	27.866667	27.773167	
355	26.166667	27.866667	27.772833	
356	26.533333	27.866667	27.777000	
357	26.333333	27.866667	27.776500	
358	26.633333	27.866667	27.781500	
359	26.566667	27.866667	27.785167	
360	26.533333	27.866667	27.789500	
361	26.766667	27.866667	27.790833	
362	26.666667	27.866667	27.790000	
363	26.800000	27.866667	27.790000	
364	26.800000	27.866667	27.794667	
365	26.733333	27.900000	27.794167	
366	26.666667	27.900000	27.791167	
367	26.600000	27.900000	27.793167	
368	26.866667	27.900000	27.797167	
369	26.666667	27.900000	27.795833	
370	26.600000	27.900000	27.795000	
371	26.333333	27.900000	27.794833	
372	26.633333	27.900000	27.793000	
373	26.766667	27.900000	27.790500	
374	26.733333	27.900000	27.793500	
375	26.566667	27.900000	27.793667	
376	26.700000	27.900000	27.794500	
377	26.900000	27.900000	27.795667	
378	27.066667	27.900000	27.798500	
379	27.033333	27.900000	27.802000	
380	27.000000	27.900000	27.800500	
381	27.066667	27.933333	27.798833	
382	26.733333	27.933333	27.796833	
383	26.900000	27.900000	27.800667	
384	26.633333	27.900000	27.802500	
385	26.933333	27.900000	27.806000	
386	26.833333	27.900000	27.810000	
387	26.900000	27.900000	27.810167	
388	27.200000	27.900000	27.814667	
389	27.133333	27.900000	27.815333	
390	27.266667	27.900000	27.819833	
391	27.300000	27.933333	27.817333	
392	26.933333	27.933333	27.814000	
393	26.666667	27.933333	27.813167	
394	26.633333	27.933333	27.812333	
395	27.033333	27.933333	27.812667	
396	27.033333	27.933333	27.811833	
397	26.766667	27.933333	27.815833	
398	26.800000	27.933333	27.816167	
399	26.800000	27.933333	27.818833	
400	26.900000	27.933333	27.820833	
401	26.900000	27.933333	27.821667	
402	27.033333	27.933333	27.819167	
403	27.000000	27.933333	27.822167	
404	26.966667	27.933333	27.820167	
405	26.733333	27.933333	27.818333	
406	26.566667	27.933333	27.815167	
407	26.566667	27.933333	27.813000	
408	26.700000	27.933333	27.814833	
409	26.733333	27.933333	27.815167	
410	26.900000	27.966667	27.818833	
411	26.800000	27.966667	27.818000	
412	26.800000	27.966667	27.821500	
413	27.066667	27.966667	27.824500	
414	27.033333	27.966667	27.825500	
415	27.100000	27.966667	27.823833	
416	26.833333	28.000000	27.824667	
417	26.233333	27.966667	27.828167	
418	26.200000	27.966667	27.834667	
419	26.800000	27.966667	27.841500	
420	26.733333	28.000000	27.842167	
421	26.966667	28.000000	27.844667	
422	26.666667	28.000000	27.847000	
423	26.433333	27.966667	27.845000	
424	26.366667	27.966667	27.846833	
425	26.600000	27.966667	27.844833	
426	26.566667	27.966667	27.847667	
427	26.566667	28.000000	27.847833	
428	26.700000	28.000000	27.850333	
429	27.033333	28.033333	27.851167	
430	27.066667	28.033333	27.853833	
431	26.966667	28.033333	27.850667	
432	26.766667	28.033333	27.850167	
433	26.933333	28.033333	27.855000	
434	26.933333	28.033333	27.861667	
435	26.466667	28.033333	27.859500	
436	26.566667	28.033333	27.861000	
437	26.633333	28.033333	27.862500	
438	26.866667	28.033333	27.863000	
439	26.666667	28.033333	27.867167	
440	26.733333	28.033333	27.866333	
441	26.766667	28.033333	27.871167	
442	26.900000	28.066667	27.871500	
443	26.900000	28.066667	27.878333	
444	26.900000	28.066667	27.882167	
445	26.966667	28.066667	27.880500	
446	27.266667	28.066667	27.883167	
447	26.833333	28.066667	27.883500	
448	26.800000	28.066667	27.882333	
449	26.600000	28.066667	27.884000	
450	26.300000	28.066667	27.888833	
451	26.633333	28.066667	27.892333	
452	26.966667	28.066667	27.895000	
453	27.166667	28.066667	27.899667	
454	27.133333	28.066667	27.897000	
455	27.133333	28.066667	27.899500	
456	26.933333	28.066667	27.900500	
457	26.933333	28.066667	27.906167	
458	27.066667	28.066667	27.914500	
459	27.100000	28.066667	27.911667	
460	26.866667	28.066667	27.910000	
461	26.833333	28.066667	27.908500	
462	27.000000	28.066667	27.912167	
463	26.900000	28.066667	27.909167	
464	26.266667	28.066667	27.909833	
465	26.166667	28.100000	27.902167	
466	26.200000	28.100000	27.899167	
467	26.366667	28.100000	27.902500	
468	26.266667	28.100000	27.905167	
469	26.166667	28.100000	27.909667	
470	26.633333	28.100000	27.913333	
471	27.233333	28.100000	27.917167	
472	27.033333	28.100000	27.920667	
473	27.033333	28.100000	27.920000	
474	27.300000	28.100000	27.920333	
475	27.000000	28.100000	27.920667	
476	27.000000	28.100000	27.920833	
477	26.833333	28.100000	27.919500	
478	27.066667	28.100000	27.916167	
479	26.900000	28.100000	27.915167	
480	26.700000	28.100000	27.915000	
481	26.800000	28.133333	27.918167	
482	26.566667	28.133333	27.925667	
483	26.766667	28.133333	27.935333	
484	26.366667	28.133333	27.937333	
485	26.366667	28.133333	27.938167	
486	26.666667	28.100000	27.935667	
487	26.933333	28.100000	27.937833	
488	26.833333	28.100000	27.943167	
489	26.733333	28.100000	27.946833	
490	27.066667	28.100000	27.945500	
491	27.100000	28.100000	27.949167	
492	27.000000	28.100000	27.950667	
493	26.933333	28.133333	27.951000	
494	26.633333	28.133333	27.947500	
495	26.666667	28.100000	27.951167	
496	26.900000	28.100000	27.956667	
497	27.000000	28.100000	27.959000	
498	26.700000	28.100000	27.960167	
499	26.966667	28.100000	27.965833	
